  0.98141282710987099       0.65600096870458580       0.17332651059775162     
  0.10717266273750303       0.68319423113706901       0.38328067135981891     
 
  0.98141282710987099       0.65600096870458580       0.17332651059775162     
  0.56773960176686034        1.8413159525150768E-002  0.91606074855140229     
 
  0.98141282710987099       0.65600096870458580       0.17332651059775162     
  0.89505648364230428       0.21653881237415940       0.96133361245662607     
 
  0.10717266273750303       0.68319423113706901       0.38328067135981891     
  0.56773960176686034        1.8413159525150768E-002  0.91606074855140229     
 
  0.10717266273750303       0.68319423113706901       0.38328067135981891     
  0.89505648364230428       0.21653881237415940       0.96133361245662607     
 
  0.56773960176686034        1.8413159525150768E-002  0.91606074855140229     
  0.89505648364230428       0.21653881237415940       0.96133361245662607     
 
