           0   0.0000000000000000        0.0000000000000000     
           1   4.6094580000000003E-002   0.0000000000000000     
           2   9.2189160000000006E-002   7.7104049120971796E-002
           3  0.13828374000000002       0.34035373934367502     
           4  0.18437832000000001       0.92329720121491921     
           5  0.23047290000000001        1.9801425329766476     
           6  0.27656748000000003        3.6832996298038365     
           7  0.32266206000000003        6.2216340691453578     
           8  0.36875664000000002        9.7991439900514106     
           9  0.41485122000000002        14.633912576483509     
          10  0.46094580000000002        20.957251975804574     
          11  0.50704038000000007        29.012986600058376     
          12  0.55313496000000006        39.056841649996315     
          13  0.59922954000000006        51.355913386712011     
          14  0.64532412000000006        66.188204412857019     
          15  0.69141870000000005        83.842211663375025     
          16  0.73751328000000005        104.61655783643666     
          17  0.78360786000000004        128.81965912852584     
          18  0.82970244000000004        156.76942367833118     
          19  0.87579702000000004        188.79297626179485     
          20  0.92189160000000003        225.22640563717300     
          21  0.96798618000000003        266.41453159481574     
          22   1.0140807600000001        312.71068927620729     
          23   1.0601753400000000        364.47652872849102     
          24   1.1062699200000001        422.08182798101632     
          25   1.1523645000000000        485.90431818868075     
          26   1.1984590800000001        556.32951959708930     
          27   1.2445536600000000        633.75058725728707     
          28   1.2906482400000001        718.56816556091405     
          29   1.3367428200000000        811.19025078607103     
          30   1.3828374000000001        912.03206094457175     
          31   1.4289319800000000        1021.5159123062014     
          32   1.4750265600000001        1140.0711020478855     
          33   1.5211211400000002        1268.1337965375471     
          34   1.5672157200000001        1406.1469248156636     
          35   1.6133103000000002        1554.5600768835577     
          36   1.6594048800000001        1713.8294064474289     
          37   1.7054994600000002        1884.4175378020027     
          38   1.7515940400000001        2066.7934765682057     
          39   1.7976886200000002        2261.4325240261264     
          40   1.8437832000000001        2468.8161948081915     
          41   1.8898777800000002        2689.4321377384908     
          42   1.9359723600000001        2923.7740596227532     
          43   1.9820669400000002        3172.3416518101321     
          44   2.0281615200000003        3435.6405193627102     
          45   2.0742560999999999        3714.1821126819900     
          46   2.1203506800000000        4008.4836614534956     
          47   2.1664452600000002        4319.0681107814044     
          48   2.2125398400000003        4646.4640593947797     
          49   2.2586344200000004        4991.2056998158096     
          50   2.3047290000000000        5353.8327603883399     
          51   2.3508235800000001        5734.8757487222892     
          52   2.3969181600000002        6134.7359213089521     
          53   2.4430127400000003        6553.7619719476552     
          54   2.4891073200000000        6992.2631064591606     
          55   2.5352019000000001        7450.5158763485042     
          56   2.5812964800000002        7928.7685626441498     
          57   2.6273910600000003        8427.2442929075587     
          58   2.6734856400000000        8946.1434015266823     
          59   2.7195802200000001        9485.6452950893909     
          60   2.7656748000000002        10045.909973078184     
          61   2.8117693800000003        10627.079297158616     
          62   2.8578639600000000        11229.278070460241     
          63   2.9039585400000001        11852.614969147788     
          64   2.9500531200000002        12497.183356500907     
          65   2.9961477000000003        13163.062001744289     
          66   3.0422422800000004        13850.315720410545     
          67   3.0883368600000001        14558.995949169264     
          68   3.1344314400000002        15289.141265270575     
          69   3.1805260200000003        16040.777858693067     
          70   3.2266206000000004        16813.919963533943     
          71   3.2727151800000001        17608.570253989583     
          72   3.3188097600000002        18424.720209349434     
          73   3.3649043400000003        19262.350451696540     
          74   3.4109989200000004        20121.431059425682     
          75   3.4570935000000000        21001.921859220500     
          76   3.5031880800000001        21903.772698748639     
          77   3.5492826600000003        22826.923702019423     
          78   3.5953772400000004        23771.305509088201     
          79   3.6414718200000000        24736.839501574144     
          80   3.6875664000000001        25723.438015275307     
          81   3.7336609800000002        26731.004541010378     
          82   3.7797555600000003        27759.433914684676     
          83   3.8258501400000005        28808.612497465670     
          84   3.8719447200000001        29878.418346855869     
          85   3.9180393000000002        30968.721379367955     
          86   3.9641338800000003        32079.383525433557     
          87   4.0102284600000004        33210.258877114211     
          88   4.0563230400000005        34361.193829127275     
          89   4.1024176200000007        35532.027213650814     
          90   4.1485121999999999        36722.590429328680     
          91   4.1946067800000000        37932.707564858494     
          92   4.2407013600000001        39162.195517512104     
          93   4.2867959400000002        40410.864106907291     
          94   4.3328905200000003        41678.516184323358     
          95   4.3789851000000004        42964.947737828479     
          96   4.4250796800000005        44269.947993465728     
          97   4.4711742600000006        45593.299512724952     
          98   4.5172688400000007        46934.778286510118     
          99   4.5633634199999999        48294.153825796151     
         100   4.6094580000000001        49671.189249154515     
         101   4.6555525800000002        51065.654947280411     
         102   4.7016471600000003        52477.373313241806     
         103   4.7477417400000004        53906.186698385907     
         104   4.7938363200000005        55351.951741686120     
         105   4.8399309000000006        56814.536386658954     
         106   4.8860254800000007        58293.817968622760     
         107   4.9321200599999999        59789.681860068486     
         108   4.9782146400000000        61302.020451075856     
         109   5.0243092200000001        62830.732349490514     
         110   5.0704038000000002        64375.721734361898     
         111   5.1164983800000003        65936.897821196704     
         112   5.1625929600000005        67514.174411667860     
         113   5.2086875400000006        69107.469508890121     
         114   5.2547821200000007        70716.704984746524     
         115   5.3008767000000008        72341.806289308443     
         116   5.3469712800000000        73982.702194830970     
         117   5.3930658600000001        75639.324568528289     
         118   5.4391604400000002        77311.608169583676     
         119   5.4852550200000003        78999.490466770381     
         120   5.5313496000000004        80702.911473758882     
         121   5.5774441800000005        82421.813599719055     
         122   5.6235387600000006        84156.141513242983     
         123   5.6696333400000007        85905.842017941890     
         124   5.7157279200000000        87670.863938332011     
         125   5.7618225000000001        89451.158014836576     
         126   5.8079170800000002        91246.676806902120     
         127   5.8540116600000003        93057.374603369040     
         128   5.9001062400000004        94883.207339352855     
         129   5.9462008200000005        96724.132518991173     
         130   5.9922954000000006        98580.109143491631     
         131   6.0383899800000007        100451.09764398851     
         132   6.0844845600000008        102337.05981877014     
         133   6.1305791400000000        104237.95877449293     
         134   6.1766737200000001        106153.75887104201     
         135   6.2227683000000003        108084.42566973066     
         136   6.2688628800000004        110029.92588456927     
         137   6.3149574600000005        111990.22733635828     
         138   6.3610520400000006        113965.29890938614     
         139   6.4071466200000007        115955.11051053595     
         140   6.4532412000000008        117959.63303061872     
         141   6.4993357800000000        119978.83830777588     
         142   6.5454303600000001        122012.69909280035     
         143   6.5915249400000002        124061.18901624353     
         144   6.6376195200000003        126124.28255718733     
         145   6.6837141000000004        128201.95501356783     
         146   6.7298086800000005        130294.18247394996     
         147   6.7759032600000006        132400.94179065857     
         148   6.8219978400000008        134522.21055418073     
         149   6.8680924200000009        136657.96706875906     
         150   6.9141870000000001        138808.19032910434     
         151   6.9602815800000002        140972.85999815853     
         152   7.0063761600000003        143151.95638584744     
         153   7.0524707400000004        145345.46042876432     
         154   7.0985653200000005        147553.35367073104     
         155   7.1446599000000006        149775.61824418831     
         156   7.1907544800000007        152012.23685236694     
         157   7.2368490600000008        154263.19275219881     
         158   7.2829436400000001        156528.46973792717     
         159   7.3290382200000002        158808.05212537872     
         160   7.3751328000000003        161101.92473686233     
         161   7.4212273800000004        163410.07288666343     
         162   7.4673219600000005        165732.48236710177     
         163   7.5134165400000006        168069.13943512487     
         164   7.5595111200000007        170420.03079941100     
         165   7.6056057000000008        172785.14360795592     
         166   7.6517002800000009        175164.46543611999     
         167   7.6977948600000001        177557.98427511330     
         168   7.7438894400000002        179965.68852089922     
         169   7.7899840200000003        182387.56696349551     
         170   7.8360786000000004        184823.60877665461     
         171   7.8821731800000006        187273.80350790682     
         172   7.9282677600000007        189738.14106894887     
         173   7.9743623400000008        192216.61172636360     
         174   8.0204569200000009        194709.20609265412     
         175   8.0665515000000010        197215.91511758065     
         176   8.1126460800000011        199736.73007978711     
         177   8.1587406600000012        202271.64257870207     
         178   8.2048352400000013        204820.64452670686     
         179   8.2509298200000014        207383.72814155489     
         180   8.2970243999999997        209960.88593903696     
         181   8.3431189799999999        212552.11072587670     
         182   8.3892135600000000        215157.39559285250     
         183   8.4353081400000001        217776.73390813195     
         184   8.4814027200000002        220410.11931081361     
         185   8.5274973000000003        223057.54570466568     
         186   8.5735918800000004        225719.00725205650     
         187   8.6196864600000005        228394.49836806612     
         188   8.6657810400000006        231084.01371477492     
         189   8.7118756200000007        233787.54819572048     
         190   8.7579702000000008        236505.09695051759     
         191   8.8040647800000009        239236.65534963485     
         192   8.8501593600000010        241982.21898932298     
         193   8.8962539400000011        244741.78368668619     
         194   8.9423485200000012        247515.34547489532     
         195   8.9884431000000014        250302.90059853671     
         196   9.0345376800000015        253104.44550908872     
         197   9.0806322599999998        255919.97686052538     
         198   9.1267268399999999        258749.49150504018     
         199   9.1728214200000000        261592.98648888941     
         200   9.2189160000000001        264450.45904834347     
         201   9.2650105800000002        267321.90660575149     
         202   9.3111051600000003        270207.32676570921     
         203   9.3571997400000004        273106.71731132857     
         204   9.4032943200000005        276020.07620060636     
         205   9.4493889000000006        278947.40156288561     
         206   9.4954834800000008        281888.69169541262     
         207   9.5415780600000009        284843.94505997904     
         208   9.5876726400000010        287813.16027965152     
         209   9.6337672200000011        290796.33613558556     
         210   9.6798618000000012        293793.47156391770     
         211   9.7259563800000013        296804.56565273658     
         212   9.7720509600000014        299829.61763913016     
         213   9.8181455400000015        302868.62690630491     
         214   9.8642401199999998        305921.59298077616     
         215   9.9103346999999999        308988.51552962716     
         216   9.9564292800000000        312069.39435783500     
         217   10.002523860000000        315164.22940566018     
         218   10.048618440000000        318273.02074609947     
         219   10.094713020000000        321395.76858239947     
         220   10.140807600000000        324532.47324562684     
         221   10.186902180000001        327683.13519229990     
         222   10.232996760000001        330847.75500207074     
         223   10.279091340000001        334026.33337546553     
         224   10.325185920000001        337218.87113167351     
         225   10.371280500000001        340425.36920638848     
         226   10.417375080000001        343645.82864969893     
         227   10.463469660000001        346880.25062402670     
         228   10.509564240000001        350128.63640211156     
         229   10.555658820000001        353390.98736504104     
         230   10.601753400000002        356667.30500032310     
         231   10.647847980000000        359957.59090000368     
         232   10.693942560000000        363261.84675882448     
         233   10.740037140000000        366580.07437242038     
         234   10.786131720000000        369912.27563555737     
         235   10.832226300000000        373258.45254040801     
         236   10.878320880000000        376618.60717486427     
         237   10.924415460000001        379992.74172088614     
         238   10.970510040000001        383380.85845288576     
         239   11.016604620000001        386782.95973614609     
         240   11.062699200000001        390199.04802527139     
         241   11.108793780000001        393629.12586267333     
         242   11.154888360000001        397073.19587708468     
         243   11.200982940000001        400531.26078210748     
         244   11.247077520000001        404003.32337478752     
         245   11.293172100000001        407489.38653422083     
         246   11.339266680000001        410989.45322018903     
         247   11.385361260000002        414503.52647181979     
         248   11.431455840000000        418031.60940627719     
         249   11.477550420000000        421573.70521747577     
         250   11.523645000000000        425129.81717482285     
         251   11.569739580000000        428699.94862198294     
         252   11.615834160000000        432284.10297567100     
         253   11.661928740000000        435882.28372446360     
         254   11.708023320000001        439494.49442763877     
         255   11.754117900000001        443120.73871403799     
         256   11.800212480000001        446761.02028094465     
         257   11.846307060000001        450415.34289299155     
         258   11.892401640000001        454083.71038108610     
         259   11.938496220000001        457766.12664135447     
         260   11.984590800000001        461462.59563410911     
         261   12.030685380000001        465173.12138283323     
         262   12.076779960000001        468897.70797318604     
         263   12.122874540000002        472636.35955202876     
         264   12.168969120000002        476389.08032646298     
         265   12.215063700000000        480155.87456289254     
         266   12.261158280000000        483936.74658609892     
         267   12.307252860000000        487731.70077833842     
         268   12.353347440000000        491540.74157845037     
         269   12.399442020000000        495363.87348098564     
         270   12.445536600000001        499201.10103534989     
         271   12.491631180000001        503052.42884496122     
         272   12.537725760000001        506917.86156642606     
         273   12.583820340000001        510797.40390872612     
         274   12.629914920000001        514691.06063242245     
         275   12.676009500000001        518598.83654887270     
         276   12.722104080000001        522520.73651946353     
         277   12.768198660000001        526456.76545485621     
         278   12.814293240000001        530406.92831424263     
         279   12.860387820000001        534371.23010461754     
         280   12.906482400000002        538349.67588006612     
         281   12.952576980000002        542342.27074105537     
         282   12.998671560000000        546349.01983374660     
         283   13.044766140000000        550369.92834931461     
         284   13.090860720000000        554405.00152328110     
         285   13.136955300000000        558454.24463485915     
         286   13.183049880000000        562517.66300630686     
         287   13.229144460000001        566595.26200229465     
         288   13.275239040000001        570687.04702927975     
         289   13.321333620000001        574793.02353489783     
         290   13.367428200000001        578913.19700735738     
         291   13.413522780000001        583047.57297484868     
         292   13.459617360000001        587196.15700496081     
         293   13.505711940000001        591358.95470410981     
         294   13.551806520000001        595535.97171697591     
         295   13.597901100000001        599727.21372594743     
         296   13.643995680000002        603932.68645057781     
         297   13.690090260000002        608152.39564705011     
         298   13.736184840000002        612386.34710764827     
         299   13.782279420000000        616634.54666024039     
         300   13.828374000000000        620897.00016776728     
         301   13.874468580000000        625173.71352774126     
         302   13.920563160000000        629464.69267175079     
         303   13.966657740000000        633769.94356497645     
         304   14.012752320000001        638089.47220571269     
         305   14.058846900000001        642423.28462489625     
         306   14.104941480000001        646771.38688564312     
         307   14.151036060000001        651133.78508279414     
         308   14.197130640000001        655510.48534246418     
         309   14.243225220000001        659901.49382160255     
         310   14.289319800000001        664306.81670755718     
         311   14.335414380000001        668726.46021764679     
         312   14.381508960000001        673160.43059874279     
         313   14.427603540000002        677608.73412684805     
         314   14.473698120000002        682071.37710669450     
         315   14.519792700000002        686548.36587133852     
         316   14.565887280000000        691039.70678176580     
         317   14.611981860000000        695545.40622650110     
         318   14.658076440000000        700065.47062122403     
         319   14.704171020000000        704599.90640839143     
         320   14.750265600000001        709148.72005686606     
         321   14.796360180000001        713711.91806154849     
         322   14.842454760000001        718289.50694301515     
         323   14.888549340000001        722881.49324716534     
         324   14.934643920000001        727487.88354486867     
         325   14.980738500000001        732108.68443161924     
         326   15.026833080000001        736743.90252719715     
         327   15.072927660000001        741393.54447533295     
         328   15.119022240000001        746057.61694337707     
         329   15.165116820000001        750736.12662197382     
         330   15.211211400000002        755429.08022474288     
         331   15.257305980000002        760136.48448796151     
         332   15.303400560000002        764858.34617025452     
         333   15.349495140000000        769594.67205228715     
         334   15.395589720000000        774345.46893646207     
         335   15.441684300000000        779110.74364662275     
         336   15.487778880000000        783890.50302775926     
         337   15.533873460000001        788684.75394571712     
         338   15.579968040000001        793493.50328691711     
         339   15.626062620000001        798316.75795806688     
         340   15.672157200000001        803154.52488588926     
         341   15.718251780000001        808006.81101684750     
         342   15.764346360000001        812873.62331687496     
         343   15.810440940000001        817754.96877111029     
         344   15.856535520000001        822650.85438363627     
         345   15.902630100000001        827561.28717721952     
         346   15.948724680000002        832486.27419305872     
         347   15.994819260000002        837425.82249053009     
         348   16.040913840000002        842379.93914694421     
         349   16.087008420000000        847348.63125729677     
         350   16.133103000000002        852331.90593403275     
         351   16.179197580000000        857329.77030680561     
         352   16.225292160000002        862342.23152224533     
         353   16.271386740000001        867369.29674372682     
         354   16.317481320000002        872410.97315114038     
         355   16.363575900000001        877467.26794067142     
         356   16.409670480000003        882538.18832457310     
         357   16.455765060000001        887623.74153095251     
         358   16.501859640000003        892723.93480355281     
         359   16.547954220000001        897838.77540154080     
         360   16.594048799999999        902968.27059929771     
         361   16.640143380000001        908112.42768621072     
         362   16.686237960000000        913271.25396647165     
         363   16.732332540000002        918444.75675887091     
         364   16.778427120000000        923632.94339660485     
         365   16.824521700000002        928835.82122707216     
         366   16.870616280000000        934053.39761168626     
         367   16.916710860000002        939285.67992568121     
         368   16.962805440000000        944532.67555792525     
         369   17.008900020000002        949794.39191073342     
         370   17.054994600000001        955070.83639968466     
         371   17.101089180000002        960362.01645343855     
         372   17.147183760000001        965667.93951355875     
         373   17.193278340000003        970988.61303433811     
         374   17.239372920000001        976324.04448261915     
         375   17.285467500000003        981674.24133762729     
         376   17.331562080000001        987039.21109079977     
         377   17.377656660000000        992418.96124561632     
         378   17.423751240000001        997813.49931743613     
         379   17.469845820000000        1003222.8328333324     
         380   17.515940400000002        1008646.9693319333     
         381   17.562034980000000        1014085.9163632639     
         382   17.608129560000002        1019539.6814885834     
         383   17.654224140000000        1025008.2722802379     
         384   17.700318720000002        1030491.6963215023     
         385   17.746413300000000        1035989.9612064291     
         386   17.792507880000002        1041503.0745397005     
         387   17.838602460000001        1047031.0439364834     
         388   17.884697040000002        1052573.8770222790     
         389   17.930791620000001        1058131.5814327840     
         390   17.976886200000003        1063704.1648137465     
         391   18.022980780000001        1069291.6348208240     
         392   18.069075360000003        1074893.9991194485     
         393   18.115169940000001        1080511.2653846897     
         394   18.161264520000000        1086143.4413011153     
         395   18.207359100000001        1091790.5345626660     
         396   18.253453680000000        1097452.5528725148     
         397   18.299548260000002        1103129.5039429453     
         398   18.345642840000000        1108821.3954952175     
         399   18.391737420000002        1114528.2352594442     
         400   18.437832000000000        1120250.0309744652     
         401   18.483926580000002        1125986.7903877229     
         402   18.530021160000000        1131738.5212551402     
         403   18.576115740000002        1137505.2313409999     
         404   18.622210320000001        1143286.9284178261     
         405   18.668304900000003        1149083.6202662664     
         406   18.714399480000001        1154895.3146749744     
         407   18.760494060000003        1160722.0194404970     
         408   18.806588640000001        1166563.7423671589     
         409   18.852683220000003        1172420.4912669496     
         410   18.898777800000001        1178292.2739594164     
         411   18.944872380000000        1184179.0982715515     
         412   18.990966960000002        1190080.9720376846     
         413   19.037061540000000        1195997.9030993769     
         414   19.083156120000002        1201929.8993053157     
         415   19.129250700000000        1207876.9685112070     
         416   19.175345280000002        1213839.1185796752     
         417   19.221439860000000        1219816.3573801646     
         418   19.267534440000002        1225808.6927888293     
         419   19.313629020000000        1231816.1326884436     
         420   19.359723600000002        1237838.6849682955     
         421   19.405818180000001        1243876.3575240977     
         422   19.451912760000003        1249929.1582578851     
         423   19.498007340000001        1255997.0950779212     
         424   19.544101920000003        1262080.1758986060     
         425   19.590196500000001        1268178.4086403842     
         426   19.636291080000003        1274291.8012296488     
         427   19.682385660000001        1280420.3615986577     
         428   19.728480240000000        1286564.0976854379     
         429   19.774574820000002        1292723.0174336999     
         430   19.820669400000000        1298897.1287927500     
         431   19.866763980000002        1305086.4397174048     
         432   19.912858560000000        1311290.9581679034     
         433   19.958953140000002        1317510.6921098249     
         434   20.005047720000000        1323745.6495140053     
         435   20.051142300000002        1329995.8383564516     
         436   20.097236880000001        1336261.2666182665     
         437   20.143331460000002        1342541.9422855631     
         438   20.189426040000001        1348837.8733493839     
         439   20.235520620000003        1355149.0678056269     
         440   20.281615200000001        1361475.5336549662     
         441   20.327709780000003        1367817.2789027705     
         442   20.373804360000001        1374174.3115590336     
         443   20.419898940000003        1380546.6396382954     
         444   20.465993520000001        1386934.2711595672     
         445   20.512088100000000        1393337.2141462618     
         446   20.558182680000002        1399755.4766261152     
         447   20.604277260000000        1406189.0666311185     
         448   20.650371840000002        1412637.9921974468     
         449   20.696466420000000        1419102.2613653897     
         450   20.742561000000002        1425581.8821792768     
         451   20.788655580000000        1432076.8626874140     
         452   20.834750160000002        1438587.2109420153     
         453   20.880844740000001        1445112.9349991314     
         454   20.926939320000002        1451654.0429185885     
         455   20.973033900000001        1458210.5427639191     
         456   21.019128480000003        1464782.4426022994     
         457   21.065223060000001        1471369.7505044802     
         458   21.111317640000003        1477972.4745447305     
         459   21.157412220000001        1484590.6228007704     
         460   21.203506800000003        1491224.2033537091     
         461   21.249601380000001        1497873.2242879847     
         462   21.295695960000000        1504537.6936913014     
         463   21.341790540000002        1511217.6196545716     
         464   21.387885120000000        1517913.0102718568     
         465   21.433979700000002        1524623.8736403042     
         466   21.480074280000000        1531350.2178600950     
         467   21.526168860000002        1538092.0510343830     
         468   21.572263440000000        1544849.3812692387     
         469   21.618358020000002        1551622.2166735888     
         470   21.664452600000001        1558410.5653591715     
         471   21.710547180000002        1565214.4354404714     
         472   21.756641760000001        1572033.8350346684     
         473   21.802736340000003        1578868.7722615823     
         474   21.848830920000001        1585719.2552436220     
         475   21.894925500000003        1592585.2921057332     
         476   21.941020080000001        1599466.8909753405     
         477   21.987114660000003        1606364.0599823047     
         478   22.033209240000001        1613276.8072588646     
         479   22.079303820000000        1620205.1409395938     
         480   22.125398400000002        1627149.0691613373     
         481   22.171492980000000        1634108.6000631773     
         482   22.217587560000002        1641083.7417863796     
         483   22.263682140000000        1648074.5024743404     
         484   22.309776720000002        1655080.8902725407     
         485   22.355871300000000        1662102.9133285019     
         486   22.401965880000002        1669140.5797917380     
         487   22.448060460000001        1676193.8978137071     
         488   22.494155040000003        1683262.8755477681     
         489   22.540249620000001        1690347.5211491336     
         490   22.586344200000003        1697447.8427748287     
         491   22.632438780000001        1704563.8485836398     
         492   22.678533360000003        1711695.5467360772     
         493   22.724627940000001        1718842.9453943269     
         494   22.770722520000003        1726006.0527222161     
         495   22.816817100000002        1733184.8768851582     
         496   22.862911680000000        1740379.4260501177     
         497   22.909006260000002        1747589.7083855707     
         498   22.955100840000000        1754815.7320614611     
         499   23.001195420000002        1762057.5052491592     
         500   23.047290000000000        1769315.0361214199     
         501   23.093384580000002        1776588.3328523496     
         502   23.139479160000000        1783877.4036173595     
         503   23.185573740000002        1791182.2565931282     
         504   23.231668320000001        1798502.8999575672     
         505   23.277762900000003        1805839.3418897777     
         506   23.323857480000001        1813191.5905700170     
         507   23.369952060000003        1820559.6541796550     
         508   23.416046640000001        1827943.5409011417     
         509   23.462141220000003        1835343.2589179738     
         510   23.508235800000001        1842758.8164146503     
         511   23.554330380000003        1850190.2215766450     
         512   23.600424960000002        1857637.4825903624     
         513   23.646519540000000        1865100.6076431065     
         514   23.692614120000002        1872579.6049230504     
         515   23.738708700000000        1880074.4826191966     
         516   23.784803280000002        1887585.2489213420     
         517   23.830897860000000        1895111.9120200472     
         518   23.876992440000002        1902654.4801066078     
         519   23.923087020000001        1910212.9613730088     
         520   23.969181600000002        1917787.3640119021     
         521   24.015276180000001        1925377.6962165725     
         522   24.061370760000003        1932983.9661809024     
         523   24.107465340000001        1940606.1820993419     
         524   24.153559920000003        1948244.3521668799     
         525   24.199654500000001        1955898.4845790085     
         526   24.245749080000003        1963568.5875316951     
         527   24.291843660000001        1971254.6692213539     
         528   24.337938240000003        1978956.7378448127     
         529   24.384032820000002        1986674.8015992814     
         530   24.430127400000000        1994408.8686823288     
         531   24.476221980000002        2002158.9472918459     
         532   24.522316560000000        2009925.0456260254     
         533   24.568411140000002        2017707.1718833244     
         534   24.614505720000000        2025505.3342624435     
         535   24.660600300000002        2033319.5409622951     
         536   24.706694880000001        2041149.8001819749     
         537   24.752789460000002        2048996.1201207354     
         538   24.798884040000001        2056858.5089779645     
         539   24.844978620000003        2064736.9749531462     
         540   24.891073200000001        2072631.5262458478     
         541   24.937167780000003        2080542.1710556834     
         542   24.983262360000001        2088468.9175822921     
         543   25.029356940000003        2096411.7740253110     
         544   25.075451520000001        2104370.7485843538     
         545   25.121546100000003        2112345.8494589776     
         546   25.167640680000002        2120337.0848486647     
         547   25.213735260000000        2128344.4629527964     
         548   25.259829840000002        2136367.9919706234     
         549   25.305924420000000        2144407.6801012554     
         550   25.352019000000002        2152463.5355436192     
         551   25.398113580000000        2160535.5664964444     
         552   25.444208160000002        2168623.7811582410     
         553   25.490302740000001        2176728.1877272753     
         554   25.536397320000003        2184848.7944015386     
         555   25.582491900000001        2192985.6093787388     
         556   25.628586480000003        2201138.6408562716     
         557   25.674681060000001        2209307.8970311861     
         558   25.720775640000003        2217493.3861001860     
         559   25.766870220000001        2225695.1162595875     
         560   25.812964800000003        2233913.0957053094     
         561   25.859059380000001        2242147.3326328443     
         562   25.905153960000003        2250397.8352372423     
         563   25.951248540000002        2258664.6117130890     
         564   25.997343120000000        2266947.6702544848     
         565   26.043437700000002        2275247.0190550219     
         566   26.089532280000000        2283562.6663077660     
         567   26.135626860000002        2291894.6202052352     
         568   26.181721440000000        2300242.8889393816     
         569   26.227816020000002        2308607.4807015713     
         570   26.273910600000001        2316988.4036825616     
         571   26.320005180000003        2325385.6660724855     
         572   26.366099760000001        2333799.2760608313     
         573   26.412194340000003        2342229.2418364235     
         574   26.458288920000001        2350675.5715874028     
         575   26.504383500000003        2359138.2735012071     
         576   26.550478080000001        2367617.3557645604     
         577   26.596572660000003        2376112.8265634417     
         578   26.642667240000002        2384624.6940830750     
         579   26.688761820000003        2393152.9665079149     
         580   26.734856400000002        2401697.6520216251     
         581   26.780950980000000        2410258.7588070533     
         582   26.827045560000002        2418836.2950462238     
         583   26.873140140000000        2427430.2689203192     
         584   26.919234720000002        2436040.6886096583     
         585   26.965329300000001        2444667.5622936855     
         586   27.011423880000002        2453310.8981509507     
         587   27.057518460000001        2461970.7043590932     
         588   27.103613040000003        2470646.9890948217     
         589   27.149707620000001        2479339.7605339061     
         590   27.195802200000003        2488049.0268511586     
         591   27.241896780000001        2496774.7962204111     
         592   27.287991360000003        2505517.0768145099     
         593   27.334085940000001        2514275.8768052906     
         594   27.380180520000003        2523051.2043635705     
         595   27.426275100000002        2531843.0676591308     
         596   27.472369680000003        2540651.4748607017     
         597   27.518464260000002        2549476.4341359455     
         598   27.564558840000000        2558317.9536514408     
         599   27.610653420000002        2567176.0415726732     
         600   27.656748000000000        2576050.7060640198     
         601   27.702842580000002        2584941.9552887287     
         602   27.748937160000001        2593849.7974089109     
         603   27.795031740000002        2602774.2405855269     
         604   27.841126320000001        2611715.2929783687     
         605   27.887220900000003        2620672.9627460469     
         606   27.933315480000001        2629647.2580459798     
         607   27.979410060000003        2638638.1870343769     
         608   28.025504640000001        2647645.7578662294     
         609   28.071599220000003        2656669.9786952920     
         610   28.117693800000001        2665710.8576740725     
         611   28.163788380000003        2674768.4029538212     
         612   28.209882960000002        2683841.4685698780     
         613   28.255977540000004        2692929.5846210029     
         614   28.302072120000002        2702032.3924339726     
         615   28.348166700000000        2711149.5909107830     
         616   28.394261280000002        2720280.9157466898     
         617   28.440355860000000        2729426.1287719333     
         618   28.486450440000002        2738585.0116202426     
         619   28.532545020000001        2747757.3616035092     
         620   28.578639600000002        2756942.9888463160     
         621   28.624734180000001        2766141.7141996082     
         622   28.670828760000003        2775353.3676656769     
         623   28.716923340000001        2784577.7871745271     
         624   28.763017920000003        2793814.8176107882     
         625   28.809112500000001        2803064.3100247290     
         626   28.855207080000003        2812326.1209820225     
         627   28.901301660000001        2821600.1120203263     
         628   28.947396240000003        2830886.1491896138     
         629   28.993490820000002        2840184.1026592185     
         630   29.039585400000004        2849493.8463788084     
         631   29.085679980000002        2858815.2577834227     
         632   29.131774560000000        2868148.2175349663     
         633   29.177869140000002        2877492.6092941556     
         634   29.223963720000000        2886848.3195181033     
         635   29.270058300000002        2896215.2372796908     
         636   29.316152880000001        2905593.2541055754     
         637   29.362247460000003        2914982.2638302473     
         638   29.408342040000001        2924382.1624639877     
         639   29.454436620000003        2933792.8480729605     
         640   29.500531200000001        2943214.2206699033     
         641   29.546625780000003        2952646.1821141848     
         642   29.592720360000001        2962088.6360201109     
         643   29.638814940000003        2971541.4876725725     
         644   29.684909520000001        2981004.6439492400     
         645   29.731004100000003        2990478.0132486024     
         646   29.777098680000002        2999961.5054232669     
         647   29.823193260000004        3009455.0317179793     
         648   29.869287840000002        3018958.5047119409     
         649   29.915382420000000        3028471.8382649655     
         650   29.961477000000002        3037994.9474671944     
         651   30.007571580000000        3047527.7485919776     
         652   30.053666160000002        3057070.1590517145     
         653   30.099760740000001        3066622.0973563418     
         654   30.145855320000003        3076183.4830743093     
         655   30.191949900000001        3085754.2367957719     
         656   30.238044480000003        3095334.2800979046     
         657   30.284139060000001        3104923.5355121074     
         658   30.330233640000003        3114521.9264929816     
         659   30.376328220000001        3124129.3773889607     
         660   30.422422800000003        3133745.8134144545     
         661   30.468517380000002        3143371.1606234196     
         662   30.514611960000003        3153005.3458842118     
         663   30.560706540000002        3162648.2968557193     
         664   30.606801120000004        3172299.9419645732     
         665   30.652895700000002        3181960.2103834855     
         666   30.698990280000000        3191629.0320105492     
         667   30.745084860000002        3201306.3374494989     
         668   30.791179440000001        3210992.0579908122     
         669   30.837274020000002        3220686.1255936939     
         670   30.883368600000001        3230388.4728687680     
         671   30.929463180000003        3240099.0330615509     
         672   30.975557760000001        3249817.7400365812     
         673   31.021652340000003        3259544.5282622129     
         674   31.067746920000001        3269279.3327960111     
         675   31.113841500000003        3279022.0892707296     
         676   31.159936080000001        3288772.7338808263     
         677   31.206030660000003        3298531.2033694978     
         678   31.252125240000002        3308297.4350162148     
         679   31.298219820000003        3318071.3666247083     
         680   31.344314400000002        3327852.9365113904     
         681   31.390408980000004        3337642.0834942060     
         682   31.436503560000002        3347438.7468818878     
         683   31.482598140000000        3357242.8664635611     
         684   31.528692720000002        3367054.3824987365     
         685   31.574787300000001        3376873.2357076136     
         686   31.620881880000002        3386699.3672617525     
         687   31.666976460000001        3396532.7187750097     
         688   31.713071040000003        3406373.2322948072     
         689   31.759165620000001        3416220.8502936657     
         690   31.805260200000003        3426075.5156610147     
         691   31.851354780000001        3435937.1716952524     
         692   31.897449360000003        3445805.7620960590     
         693   31.943543940000001        3455681.2309569619     
         694   31.989638520000003        3465563.5227580913     
         695   32.035733100000002        3475452.5823591836     
         696   32.081827680000004        3485348.3549927692     
         697   32.127922260000005        3495250.7862576004     
         698   32.174016840000000        3505159.8221122096     
         699   32.220111420000002        3515075.4088687077     
         700   32.266206000000004        3524997.4931867211     
         701   32.312300579999999        3534926.0220675273     
         702   32.358395160000001        3544860.9428483211     
         703   32.404489740000002        3554802.2031966653     
         704   32.450584320000004        3564749.7511050696     
         705   32.496678899999999        3574703.5348857450     
         706   32.542773480000001        3584663.5031654630     
         707   32.588868060000003        3594629.6048805625     
         708   32.634962640000005        3604601.7892721044     
         709   32.681057220000000        3614580.0058811246     
         710   32.727151800000001        3624564.2045440152     
         711   32.773246380000003        3634554.3353880360     
         712   32.819340960000005        3644550.3488269155     
         713   32.865435540000000        3654552.1955565847     
         714   32.911530120000002        3664559.8265509899     
         715   32.957624700000004        3674573.1930580218     
         716   33.003719280000006        3684592.2465955461     
         717   33.049813860000000        3694616.9389475258     
         718   33.095908440000002        3704647.2221602020     
         719   33.142003020000004        3714683.0485384446     
         720   33.188097599999999        3724724.3706420707     
         721   33.234192180000001        3734771.1412823698     
         722   33.280286760000003        3744823.3135186131     
         723   33.326381340000005        3754880.8406546973     
         724   33.372475919999999        3764943.6762358304     
         725   33.418570500000001        3775011.7740453077     
         726   33.464665080000003        3785085.0881013591     
         727   33.510759660000005        3795163.5726540587     
         728   33.556854240000000        3805247.1821823004     
         729   33.602948820000002        3815335.8713908354     
         730   33.649043400000004        3825429.5952073787     
         731   33.695137980000005        3835528.3087797849     
         732   33.741232560000000        3845631.9674732615     
         733   33.787327140000002        3855740.5268676453     
         734   33.833421720000004        3865853.9427547529     
         735   33.879516299999999        3875972.1711357580     
         736   33.925610880000001        3886095.1682186429     
         737   33.971705460000003        3896222.8904156904     
         738   34.017800040000004        3906355.2943410329     
         739   34.063894619999999        3916492.3368082354     
         740   34.109989200000001        3926633.9748279313     
         741   34.156083780000003        3936780.1656055222     
         742   34.202178360000005        3946930.8665388948     
         743   34.248272940000000        3957086.0352162020     
         744   34.294367520000002        3967245.6294136671     
         745   34.340462100000003        3977409.6070934436     
         746   34.386556680000005        3987577.9264015150     
         747   34.432651260000000        3997750.5456656255     
         748   34.478745840000002        4007927.4233932453     
         749   34.524840420000004        4018108.5182695943     
         750   34.570935000000006        4028293.7891556672     
         751   34.617029580000001        4038483.1950863320     
         752   34.663124160000002        4048676.6952684391     
         753   34.709218740000004        4058874.2490789671     
         754   34.755313319999999        4069075.8160631941     
         755   34.801407900000001        4079281.3559329240     
         756   34.847502480000003        4089490.8285647277     
         757   34.893597060000005        4099704.1939982064     
         758   34.939691639999999        4109921.4124343074     
         759   34.985786220000001        4120142.4442336322     
         760   35.031880800000003        4130367.2499148366     
         761   35.077975380000005        4140595.7901529674     
         762   35.124069960000000        4150828.0257779183     
         763   35.170164540000002        4161063.9177728570     
         764   35.216259120000004        4171303.4272726704     
         765   35.262353700000006        4181546.5155624817     
         766   35.308448280000000        4191793.1440761685     
         767   35.354542860000002        4202043.2743948679     
         768   35.400637440000004        4212296.8682455821     
         769   35.446732019999999        4222553.8874997208     
         770   35.492826600000001        4232814.2941717478     
         771   35.538921180000003        4243078.0504177902     
         772   35.585015760000005        4253345.1185342837     
         773   35.631110339999999        4263615.4609566666     
         774   35.677204920000001        4273889.0402580481     
         775   35.723299500000003        4284165.8191479398     
         776   35.769394080000005        4294445.7604709771     
         777   35.815488660000000        4304728.8272056580     
         778   35.861583240000002        4315014.9824631419     
         779   35.907677820000004        4325304.1894860258     
         780   35.953772400000005        4335596.4116471373     
         781   35.999866980000000        4345891.6124483785     
         782   36.045961560000002        4356189.7555195503     
         783   36.092056140000004        4366490.8046172168     
         784   36.138150720000006        4376794.7236235924     
         785   36.184245300000001        4387101.4765454112     
         786   36.230339880000002        4397411.0275128484     
         787   36.276434460000004        4407723.3407784356     
         788   36.322529039999999        4418038.3807160063     
         789   36.368623620000001        4428356.1118196379     
         790   36.414718200000003        4438676.4987026313     
         791   36.460812780000005        4448999.5060964786     
         792   36.506907360000000        4459325.0988498749     
         793   36.553001940000001        4469653.2419277141     
         794   36.599096520000003        4479983.9004101167     
         795   36.645191100000005        4490317.0394914746     
         796   36.691285680000000        4500652.6244794959     
         797   36.737380260000002        4510990.6207942544     
         798   36.783474840000004        4521330.9939672835     
         799   36.829569420000006        4531673.7096406594     
         800   36.875664000000000        4542018.7335660867     
         801   36.921758580000002        4552366.0316040358     
         802   36.967853160000004        4562715.5697228406     
         803   37.013947739999999        4573067.3139978498     
         804   37.060042320000001        4583421.2306105709     
         805   37.106136900000003        4593777.2858478064     
         806   37.152231480000005        4604135.4461008590     
         807   37.198326059999999        4614495.6778646773     
         808   37.244420640000001        4624857.9477370661     
         809   37.290515220000003        4635222.2224178752     
         810   37.336609800000005        4645588.4687082022     
         811   37.382704380000000        4655956.6535096308     
         812   37.428798960000002        4666326.7438234482     
         813   37.474893540000004        4676698.7067498798     
         814   37.520988120000005        4687072.5094873542     
         815   37.567082700000000        4697448.1193317343     
         816   37.613177280000002        4707825.5036756061     
         817   37.659271860000004        4718204.6300075473     
         818   37.705366440000006        4728585.4659114098     
         819   37.751461020000001        4738967.9790656166     
         820   37.797555600000003        4749352.1372424541     
         821   37.843650180000004        4759737.9083073922     
         822   37.889744759999999        4770125.2602183968     
         823   37.935839340000001        4780514.1610252606     
         824   37.981933920000003        4790904.5788689256     
         825   38.028028500000005        4801296.4819808379     
         826   38.074123080000000        4811689.8386822976     
         827   38.120217660000002        4822084.6173838004     
         828   38.166312240000003        4832480.7865844145     
         829   38.212406820000005        4842878.3148711501     
         830   38.258501400000000        4853277.1709183445     
         831   38.304595980000002        4863677.3234870313     
         832   38.350690560000004        4874078.7414243594     
         833   38.396785140000006        4884481.3936629565     
         834   38.442879720000001        4894885.2492203768     
         835   38.488974300000002        4905290.2771984804     
         836   38.535068880000004        4915696.4467828758     
         837   38.581163459999999        4926103.7272423329     
         838   38.627258040000001        4936512.0879282262     
         839   38.673352620000003        4946921.4982739650     
         840   38.719447200000005        4957331.9277944388     
         841   38.765541780000000        4967743.3460854804     
         842   38.811636360000001        4978155.7228233004     
         843   38.857730940000003        4988569.0277639795     
         844   38.903825520000005        4998983.2307429090     
         845   38.949920100000000        5009398.3016742896     
         846   38.996014680000002        5019814.2105505913     
         847   39.042109260000004        5030230.9274420543     
         848   39.088203840000006        5040648.4224961717     
         849   39.134298420000000        5051066.6659371853     
         850   39.180393000000002        5061485.6280655861     
         851   39.226487580000004        5071905.2792576412     
         852   39.272582160000006        5082325.5899648760     
         853   39.318676740000001        5092746.5307136150     
         854   39.364771320000003        5103168.0721044904     
         855   39.410865900000005        5113590.1848119684     
         856   39.456960479999999        5124012.8395838970     
         857   39.503055060000001        5134436.0072410321     
         858   39.549149640000003        5144859.6586765703     
         859   39.595244220000005        5155283.7648557089     
         860   39.641338800000000        5165708.2968151933     
         861   39.687433380000002        5176133.2256628722     
         862   39.733527960000004        5186558.5225772504     
         863   39.779622540000005        5196984.1588070560     
         864   39.825717120000000        5207410.1056708302     
         865   39.871811700000002        5217836.3345564548     
         866   39.917906280000004        5228262.8169207787     
         867   39.964000860000006        5238689.5242891638     
         868   40.010095440000001        5249116.4282550802     
         869   40.056190020000003        5259543.5004797038     
         870   40.102284600000004        5269970.7126915017     
         871   40.148379179999999        5280398.0366858291     
         872   40.194473760000001        5290825.4443245372     
         873   40.240568340000003        5301252.9075355669     
         874   40.286662920000005        5311680.3983125687     
         875   40.332757500000000        5322107.8887145007     
         876   40.378852080000001        5332535.3508652691     
         877   40.424946660000003        5342962.7569533177     
         878   40.471041240000005        5353390.0792312734     
         879   40.517135820000000        5363817.2900155708     
         880   40.563230400000002        5374244.3616860723     
         881   40.609324980000004        5384671.2666857056     
         882   40.655419560000006        5395097.9775200989     
         883   40.701514140000000        5405524.4667572351     
         884   40.747608720000002        5415950.7070270795     
         885   40.793703300000004        5426376.6710212333     
         886   40.839797880000006        5436802.3314925842     
         887   40.885892460000001        5447227.6612549676     
         888   40.931987040000003        5457652.6331827976     
         889   40.978081620000005        5468077.2202107571     
         890   41.024176199999999        5478501.3953334484     
         891   41.070270780000001        5488925.1316050487     
         892   41.116365360000003        5499348.4021389941     
         893   41.162459940000005        5509771.1801076485     
         894   41.208554520000000        5520193.4387419727     
         895   41.254649100000002        5530615.1513312049     
         896   41.300743680000004        5541036.2912225425     
         897   41.346838260000006        5551456.8318208270     
         898   41.392932840000000        5561876.7465882273     
         899   41.439027420000002        5572296.0090439226     
         900   41.485122000000004        5582714.5927638058     
         901   41.531216580000006        5593132.4713801704     
         902   41.577311160000001        5603549.6185814077     
         903   41.623405740000003        5613966.0081117097     
         904   41.669500320000004        5624381.6137707662     
         905   41.715594899999999        5634796.4094134727     
         906   41.761689480000001        5645210.3689496424     
         907   41.807784060000003        5655623.4663437102     
         908   41.853878640000005        5666035.6756144324     
         909   41.899973220000000        5676446.9708346296     
         910   41.946067800000002        5686857.3261308782     
         911   41.992162380000003        5697266.7156832423     
         912   42.038256960000005        5707675.1137249945     
         913   42.084351540000000        5718082.4945423277     
         914   42.130446120000002        5728488.8324741116     
         915   42.176540700000004        5738894.1019115858     
         916   42.222635280000006        5749298.2772981049     
         917   42.268729860000001        5759701.3331288863     
         918   42.314824440000002        5770103.2439507144     
         919   42.360919020000004        5780503.9843617091     
         920   42.407013600000006        5790903.5290110465     
         921   42.453108180000001        5801301.8525987016     
         922   42.499202760000003        5811698.9298752015     
         923   42.545297340000005        5822094.7356413696     
         924   42.591391920000000        5832489.2447480559     
         925   42.637486500000001        5842882.4320959132     
         926   42.683581080000003        5853274.2726351311     
         927   42.729675660000005        5863664.7413651915     
         928   42.775770240000000        5874053.8133346392     
         929   42.821864820000002        5884441.4636408156     
         930   42.867959400000004        5894827.6674296418     
         931   42.914053980000006        5905212.3998953644     
         932   42.960148560000000        5915595.6362803197     
         933   43.006243140000002        5925977.3518747082     
         934   43.052337720000004        5936357.5220163576     
         935   43.098432300000006        5946736.1220904952     
         936   43.144526880000001        5957113.1275295047     
         937   43.190621460000003        5967488.5138127171     
         938   43.236716040000005        5977862.2564661689     
         939   43.282810619999999        5988234.3310623886     
         940   43.328905200000001        5998604.7132201754     
         941   43.374999780000003        6008973.3786043627     
         942   43.421094360000005        6019340.3029256249     
         943   43.467188940000000        6029705.4619402420     
         944   43.513283520000002        6040068.8314498840     
         945   43.559378100000004        6050430.3873014031     
         946   43.605472680000005        6060790.1053866241     
         947   43.651567260000000        6071147.9616421247     
         948   43.697661840000002        6081503.9320490304     
         949   43.743756420000004        6091857.9926328110     
         950   43.789851000000006        6102210.1194630591     
         951   43.835945580000001        6112560.2886533132     
         952   43.882040160000003        6122908.4763608286     
         953   43.928134740000004        6133254.6587863900     
         954   43.974229320000006        6143598.8121741051     
         955   44.020323900000001        6153940.9128112104     
         956   44.066418480000003        6164280.9370278716     
         957   44.112513060000005        6174618.8611969836     
         958   44.158607640000000        6184954.6617339896     
         959   44.204702220000001        6195288.3150966708     
         960   44.250796800000003        6205619.7977849720     
         961   44.296891380000005        6215949.0863407925     
         962   44.342985960000000        6226276.1573478235     
         963   44.389080540000002        6236600.9874313297     
         964   44.435175120000004        6246923.5532579916     
         965   44.481269700000006        6257243.8315356961     
         966   44.527364280000000        6267561.7990133744     
         967   44.573458860000002        6277877.4324808083     
         968   44.619553440000004        6288190.7087684572     
         969   44.665648020000006        6298501.6047472591     
         970   44.711742600000001        6308810.0973284720     
         971   44.757837180000003        6319116.1634635106     
         972   44.803931760000005        6329419.7801437350     
         973   44.850026339999999        6339720.9244002867     
         974   44.896120920000001        6350019.5733039360     
         975   44.942215500000003        6360315.7039648881     
         976   44.988310080000005        6370609.2935326220     
         977   45.034404660000000        6380900.3191957064     
         978   45.080499240000002        6391188.7581816604     
         979   45.126593820000004        6401474.5877567586     
         980   45.172688400000006        6411757.7852258887     
         981   45.218782980000000        6422038.3279323447     
         982   45.264877560000002        6432316.1932577128     
         983   45.310972140000004        6442591.3586216904     
         984   45.357066720000006        6452863.8014819100     
         985   45.403161300000001        6463133.4993337821     
         986   45.449255880000003        6473400.4297103519     
         987   45.495350460000004        6483664.5701821493     
         988   45.541445040000006        6493925.8983569713     
         989   45.587539620000001        6504184.3918798110     
         990   45.633634200000003        6514440.0284326244     
         991   45.679728780000005        6524692.7857342418     
         992   45.725823360000000        6534942.6415401669     
         993   45.771917940000002        6545189.5736424420     
         994   45.818012520000003        6555433.5598694868     
         995   45.864107100000005        6565674.5780859906     
         996   45.910201680000000        6575912.6061926847     
         997   45.956296260000002        6586147.6221262766     
         998   46.002390840000004        6596379.6038592439     
         999   46.048485420000006        6606608.5293997210     
        1000   46.094580000000001        6616834.3767913412     
