 -0.30769999999999997       -107.66371989501178     
 -0.27693000000000001       -107.65387396465646     
 -0.24615999999999999       -107.64402803430112     
 -0.21539000000000000       -107.63418210394579     
 -0.18462000000000001       -107.62433617359045     
 -0.15384999999999999       -107.61449024323512     
 -0.12307999999999999       -107.60464431287981     
  -9.2310000000000003E-002  -107.59479838252447     
  -6.1539999999999997E-002  -107.58495245216915     
  -3.0769999999999999E-002  -107.57510652181384     
   0.0000000000000000       -107.56526059145850     
   3.0769999999999999E-002  -107.55541466110314     
   6.1539999999999997E-002  -107.54556873074783     
   9.2310000000000003E-002  -107.53572280039251     
  0.12307999999999999       -107.52587687003717     
  0.15384999999999999       -107.51603093968185     
  0.18462000000000001       -107.50618500932653     
  0.21539000000000000       -107.49633907897120     
  0.24615999999999999       -107.48649314861586     
  0.27693000000000001       -107.47664721826054     
  0.30769999999999997       -107.46680128790520     
  0.33846999999999999       -107.45695535754989     
  0.36924000000000001       -107.44710942719456     
  0.40000999999999998       -107.43726349683922     
  0.43078000000000000       -107.42741756648390     
  0.46155000000000002       -107.41757163612859     
  0.49231999999999998       -107.40772570577325     
  0.52309000000000005       -107.39787977541789     
  0.55386000000000002       -107.38803384506258     
  0.58462999999999998       -107.37818791470725     
  0.61539999999999995       -107.36834198435191     
  0.64617000000000002       -107.35849605399660     
  0.67693999999999999       -107.34865012364128     
  0.70770999999999995       -107.33880419328594     
  0.73848000000000003       -107.32895826293061     
  0.76924999999999999       -107.31911233257527     
  0.80001999999999995       -107.30926640221995     
  0.83079000000000003       -107.29942047186464     
  0.86155999999999999       -107.28957454150930     
  0.89232999999999996       -107.27972861115397     
  0.92310000000000003       -107.26988268079866     
  0.95387000000000000       -107.26003675044332     
  0.98463999999999996       -107.25019082008797     
   1.0154099999999999       -107.24034488973265     
   1.0461800000000001       -107.23049895937733     
   1.0769500000000001       -107.22065302902199     
   1.1077200000000000       -107.21080709866668     
   1.1384900000000000       -107.20096116831135     
   1.1692600000000000       -107.19111523795601     
   1.2000299999999999       -107.18126930760069     
   1.2307999999999999       -107.17142337724535     
   1.2615700000000001       -107.16157744689002     
   1.2923400000000000       -107.15173151653470     
   1.3231100000000000       -107.14188558617938     
   1.3538800000000000       -107.13203965582404     
   1.3846499999999999       -107.12219372546872     
   1.4154199999999999       -107.11234779511341     
   1.4461900000000001       -107.10250186475807     
   1.4769600000000001       -107.09265593440271     
   1.5077300000000000       -107.08281000404740     
   1.5385000000000000       -107.07296407369208     
   1.5692699999999999       -107.06311814333674     
   1.6000399999999999       -107.05327221298143     
   1.6308100000000001       -107.04342628262610     
   1.6615800000000001       -107.03358035227076     
   1.6923500000000000       -107.02373442191544     
   1.7231200000000000       -107.01388849156010     
   1.7538899999999999       -107.00404256120477     
   1.7846599999999999       -106.99419663084946     
   1.8154300000000001       -106.98435070049412     
   1.8462000000000001       -106.97450477013879     
   1.8769700000000000       -106.96465883978348     
   1.9077400000000000       -106.95481290942814     
   1.9385100000000000       -106.94496697907279     
   1.9692799999999999       -106.93512104871746     
   2.0000499999999999       -106.92527511836215     
   2.0308199999999998       -106.91542918800681     
   2.0615899999999998       -106.90558325765149     
   2.0923600000000002       -106.89573732729617     
   2.1231300000000002       -106.88589139694083     
   2.1539000000000001       -106.87604546658551     
   2.1846700000000001       -106.86619953623017     
   2.2154400000000001       -106.85635360587484     
   2.2462100000000000       -106.84650767551950     
   2.2769800000000000       -106.83666174516419     
   2.3077500000000000       -106.82681581480887     
   2.3385199999999999       -106.81696988445353     
   2.3692899999999999       -106.80712395409822     
   2.4000599999999999       -106.79727802374289     
   2.4308299999999998       -106.78743209338754     
   2.4615999999999998       -106.77758616303223     
   2.4923700000000002       -106.76774023267690     
   2.5231400000000002       -106.75789430232156     
   2.5539100000000001       -106.74804837196625     
   2.5846800000000001       -106.73820244161092     
   2.6154500000000001       -106.72835651125558     
   2.6462200000000000       -106.71851058090026     
   2.6769900000000000       -106.70866465054492     
   2.7077599999999999       -106.69881872018959     
   2.7385299999999999       -106.68897278983425     
   2.7692999999999999       -106.67912685947894     
   2.8000699999999998       -106.66928092912362     
   2.8308399999999998       -106.65943499876828     
   2.8616100000000002       -106.64958906841296     
   2.8923800000000002       -106.63974313805764     
   2.9231500000000001       -106.62989720770229     
   2.9539200000000001       -106.62005127734697     
   2.9846900000000001       -106.61020534699163     
   3.0154600000000000       -106.60035941663631     
   3.0462300000000000       -106.59051348628100     
   3.0770000000000000       -106.58066755592566     
   3.1077699999999999       -106.57082162557033     
   3.1385399999999999       -106.56097569521499     
   3.1693099999999998       -106.55112976485967     
   3.2000799999999998       -106.54128383450433     
   3.2308500000000002       -106.53143790414902     
   3.2616200000000002       -106.52159197379369     
   3.2923900000000001       -106.51174604343835     
   3.3231600000000001       -106.50190011308304     
   3.3539300000000001       -106.49205418272771     
   3.3847000000000000       -106.48220825237236     
   3.4154700000000000       -106.47236232201702     
   3.4462400000000000       -106.46251639166171     
   3.4770099999999999       -106.45267046130638     
   3.5077799999999999       -106.44282453095106     
   3.5385499999999999       -106.43297860059575     
   3.5693199999999998       -106.42313267024041     
   3.6000899999999998       -106.41328673988508     
   3.6308600000000002       -106.40344080952974     
   3.6616300000000002       -106.39359487917442     
   3.6924000000000001       -106.38374894881908     
   3.7231700000000001       -106.37390301846376     
   3.7539400000000001       -106.36405708810844     
   3.7847100000000000       -106.35421115775310     
   3.8154800000000000       -106.34436522739779     
   3.8462499999999999       -106.33451929704246     
   3.8770199999999999       -106.32467336668711     
   3.9077899999999999       -106.31482743633180     
   3.9385599999999998       -106.30498150597646     
   3.9693299999999998       -106.29513557562113     
   4.0000999999999998       -106.28528964526582     
   4.0308700000000002       -106.27544371491048     
   4.0616399999999997       -106.26559778455515     
   4.0924100000000001       -106.25575185419981     
   4.1231799999999996       -106.24590592384449     
   4.1539500000000000       -106.23605999348915     
   4.1847200000000004       -106.22621406313382     
   4.2154900000000000       -106.21636813277851     
   4.2462600000000004       -106.20652220242317     
   4.2770299999999999       -106.19667627206785     
   4.3078000000000003       -106.18683034171254     
   4.3385699999999998       -106.17698441135718     
   4.3693400000000002       -106.16713848100184     
   4.4001099999999997       -106.15729255064653     
   4.4308800000000002       -106.14744662029121     
   4.4616499999999997       -106.13760068993587     
   4.4924200000000001       -106.12775475958055     
   4.5231899999999996       -106.11790882922523     
   4.5539600000000000       -106.10806289886989     
   4.5847300000000004       -106.09821696851456     
   4.6154999999999999       -106.08837103815924     
   4.6462700000000003       -106.07852510780390     
   4.6770399999999999       -106.06867917744859     
   4.7078100000000003       -106.05883324709326     
   4.7385799999999998       -106.04898731673792     
   4.7693500000000002       -106.03914138638261     
   4.8001199999999997       -106.02929545602728     
   4.8308900000000001       -106.01944952567193     
   4.8616599999999996       -106.00960359531662     
   4.8924300000000001       -105.99975766496128     
   4.9231999999999996       -105.98991173460595     
   4.9539700000000000       -105.98006580425061     
   4.9847400000000004       -105.97021987389530     
   5.0155099999999999       -105.96037394353998     
   5.0462800000000003       -105.95052801318464     
   5.0770499999999998       -105.94068208282931     
   5.1078200000000002       -105.93083615247397     
   5.1385899999999998       -105.92099022211865     
   5.1693600000000002       -105.91114429176334     
   5.2001299999999997       -105.90129836140800     
   5.2309000000000001       -105.89145243105267     
   5.2616699999999996       -105.88160650069736     
   5.2924400000000000       -105.87176057034202     
   5.3232100000000004       -105.86191463998667     
   5.3539800000000000       -105.85206870963135     
   5.3847500000000004       -105.84222277927603     
   5.4155199999999999       -105.83237684892069     
   5.4462900000000003       -105.82253091856538     
   5.4770599999999998       -105.81268498821005     
   5.5078300000000002       -105.80283905785471     
   5.5385999999999997       -105.79299312749939     
   5.5693700000000002       -105.78314719714405     
   5.6001399999999997       -105.77330126678872     
   5.6309100000000001       -105.76345533643338     
   5.6616799999999996       -105.75360940607807     
   5.6924500000000000       -105.74376347572274     
   5.7232200000000004       -105.73391754536742     
   5.7539899999999999       -105.72407161501211     
   5.7847600000000003       -105.71422568465675     
   5.8155299999999999       -105.70437975430141     
   5.8463000000000003       -105.69453382394610     
   5.8770699999999998       -105.68468789359078     
   5.9078400000000002       -105.67484196323544     
   5.9386099999999997       -105.66499603288013     
   5.9693800000000001       -105.65515010252480     
   6.0001499999999997       -105.64530417216946     
   6.0309200000000001       -105.63545824181413     
   6.0616899999999996       -105.62561231145880     
   6.0924600000000000       -105.61576638110347     
   6.1232300000000004       -105.60592045074816     
   6.1539999999999999       -105.59607452039282     
   6.1847700000000003       -105.58622859003749     
   6.2155399999999998       -105.57638265968218     
   6.2463100000000003       -105.56653672932684     
   6.2770799999999998       -105.55669079897149     
   6.3078500000000002       -105.54684486861618     
   6.3386199999999997       -105.53699893826085     
   6.3693900000000001       -105.52715300790551     
   6.4001599999999996       -105.51730707755020     
   6.4309300000000000       -105.50746114719487     
   6.4617000000000004       -105.49761521683953     
   6.4924700000000000       -105.48776928648421     
   6.5232400000000004       -105.47792335612887     
   6.5540099999999999       -105.46807742577354     
   6.5847800000000003       -105.45823149541820     
   6.6155499999999998       -105.44838556506289     
   6.6463200000000002       -105.43853963470757     
   6.6770899999999997       -105.42869370435223     
   6.7078600000000002       -105.41884777399692     
   6.7386299999999997       -105.40900184364156     
   6.7694000000000001       -105.39915591328624     
   6.8001699999999996       -105.38930998293093     
   6.8309400000000000       -105.37946405257560     
   6.8617100000000004       -105.36961812222026     
   6.8924799999999999       -105.35977219186495     
   6.9232500000000003       -105.34992626150962     
   6.9540199999999999       -105.34008033115428     
   6.9847900000000003       -105.33023440079896     
   7.0155599999999998       -105.32038847044362     
   7.0463300000000002       -105.31054254008829     
   7.0770999999999997       -105.30069660973298     
   7.1078700000000001       -105.29085067937764     
   7.1386399999999997       -105.28100474902232     
   7.1694100000000001       -105.27115881866698     
   7.2001799999999996       -105.26131288831166     
   7.2309500000000000       -105.25146695795631     
   7.2617200000000004       -105.24162102760098     
   7.2924899999999999       -105.23177509724567     
   7.3232600000000003       -105.22192916689033     
   7.3540299999999998       -105.21208323653501     
   7.3848000000000003       -105.20223730617970     
   7.4155699999999998       -105.19239137582436     
   7.4463400000000002       -105.18254544546903     
   7.4771099999999997       -105.17269951511369     
   7.5078800000000001       -105.16285358475837     
   7.5386499999999996       -105.15300765440303     
   7.5694200000000000       -105.14316172404772     
   7.6001899999999996       -105.13331579369239     
   7.6309600000000000       -105.12346986333705     
   7.6617300000000004       -105.11362393298174     
   7.6924999999999999       -105.10377800262638     
   7.7232700000000003       -105.09393207227106     
   7.7540399999999998       -105.08408614191575     
   7.7848100000000002       -105.07424021156041     
   7.8155799999999997       -105.06439428120508     
   7.8463500000000002       -105.05454835084977     
   7.8771199999999997       -105.04470242049443     
   7.9078900000000001       -105.03485649013911     
   7.9386599999999996       -105.02501055978378     
   7.9694300000000000       -105.01516462942844     
   8.0001999999999995       -105.00531869907311     
   8.0309699999999999       -104.99547276871778     
   8.0617400000000004       -104.98562683836246     
   8.0925100000000008       -104.97578090800714     
   8.1232799999999994       -104.96593497765180     
   8.1540499999999998       -104.95608904729649     
   8.1848200000000002       -104.94624311694113     
   8.2155900000000006       -104.93639718658581     
   8.2463599999999992       -104.92655125623050     
   8.2771299999999997       -104.91670532587516     
   8.3079000000000001       -104.90685939551983     
   8.3386700000000005       -104.89701346516452     
   8.3694400000000009       -104.88716753480918     
   8.4002099999999995       -104.87732160445385     
   8.4309799999999999       -104.86747567409851     
   8.4617500000000003       -104.85762974374319     
   8.4925200000000007       -104.84778381338785     
   8.5232899999999994       -104.83793788303254     
   8.5540599999999998       -104.82809195267721     
   8.5848300000000002       -104.81824602232187     
   8.6156000000000006       -104.80840009196655     
   8.6463699999999992       -104.79855416161124     
   8.6771399999999996       -104.78870823125588     
   8.7079100000000000       -104.77886230090054     
   8.7386800000000004       -104.76901637054523     
   8.7694500000000009       -104.75917044018991     
   8.8002199999999995       -104.74932450983457     
   8.8309899999999999       -104.73947857947925     
   8.8617600000000003       -104.72963264912393     
   8.8925300000000007       -104.71978671876859     
   8.9232999999999993       -104.70994078841326     
   8.9540699999999998       -104.70009485805794     
   8.9848400000000002       -104.69024892770260     
   9.0156100000000006       -104.68040299734729     
   9.0463799999999992       -104.67055706699196     
   9.0771499999999996       -104.66071113663662     
   9.1079200000000000       -104.65086520628131     
   9.1386900000000004       -104.64101927592596     
   9.1694600000000008       -104.63117334557063     
   9.2002299999999995       -104.62132741521532     
   9.2309999999999999       -104.61148148485998     
   9.2617700000000003       -104.60163555450465     
   9.2925400000000007       -104.59178962414934     
   9.3233099999999993       -104.58194369379400     
   9.3540799999999997       -104.57209776343868     
   9.3848500000000001       -104.56225183308334     
   9.4156200000000005       -104.55240590272801     
   9.4463899999999992       -104.54255997237267     
   9.4771599999999996       -104.53271404201735     
   9.5079300000000000       -104.52286811166204     
   9.5387000000000004       -104.51302218130670     
   9.5694700000000008       -104.50317625095137     
   9.6002399999999994       -104.49333032059606     
   9.6310099999999998       -104.48348439024070     
   9.6617800000000003       -104.47363845988536     
   9.6925500000000007       -104.46379252953005     
   9.7233199999999993       -104.45394659917473     
   9.7540899999999997       -104.44410066881939     
   9.7848600000000001       -104.43425473846408     
   9.8156300000000005       -104.42440880810875     
   9.8463999999999992       -104.41456287775341     
   9.8771699999999996       -104.40471694739809     
   9.9079400000000000       -104.39487101704275     
   9.9387100000000004       -104.38502508668742     
   9.9694800000000008       -104.37517915633211     
   10.000249999999999       -104.36533322597677     
   10.031020000000000       -104.35548729562144     
   10.061790000000000       -104.34564136526613     
   10.092560000000001       -104.33579543491078     
   10.123329999999999       -104.32594950455545     
   10.154100000000000       -104.31610357420011     
   10.184870000000000       -104.30625764384480     
   10.215640000000000       -104.29641171348948     
   10.246409999999999       -104.28656578313414     
   10.277180000000000       -104.27671985277883     
   10.307950000000000       -104.26687392242350     
   10.338720000000000       -104.25702799206816     
   10.369490000000001       -104.24718206171283     
   10.400259999999999       -104.23733613135749     
   10.431030000000000       -104.22749020100217     
   10.461800000000000       -104.21764427064686     
   10.492570000000001       -104.20779834029152     
   10.523339999999999       -104.19795240993619     
   10.554110000000000       -104.18810647958088     
   10.584880000000000       -104.17826054922553     
   10.615650000000000       -104.16841461887019     
   10.646420000000001       -104.15856868851488     
   10.677190000000000       -104.14872275815955     
   10.707960000000000       -104.13887682780421     
   10.738730000000000       -104.12903089744890     
   10.769500000000001       -104.11918496709357     
   10.800269999999999       -104.10933903673823     
   10.831040000000000       -104.09949310638291     
   10.861810000000000       -104.08964717602757     
   10.892580000000001       -104.07980124567224     
   10.923349999999999       -104.06995531531693     
   10.954120000000000       -104.06010938496159     
   10.984890000000000       -104.05026345460627     
   11.015660000000000       -104.04041752425093     
   11.046430000000001       -104.03057159389562     
   11.077199999999999       -104.02072566354026     
   11.107970000000000       -104.01087973318494     
   11.138740000000000       -104.00103380282962     
   11.169510000000001       -103.99118787247430     
   11.200279999999999       -103.98134194211896     
   11.231050000000000       -103.97149601176365     
   11.261820000000000       -103.96165008140832     
   11.292590000000001       -103.95180415105298     
   11.323359999999999       -103.94195822069766     
   11.354130000000000       -103.93211229034232     
   11.384900000000000       -103.92226635998699     
   11.415670000000000       -103.91242042963168     
   11.446440000000001       -103.90257449927634     
   11.477209999999999       -103.89272856892102     
   11.507980000000000       -103.88288263856570     
   11.538750000000000       -103.87303670821035     
   11.569520000000001       -103.86319077785501     
   11.600289999999999       -103.85334484749970     
   11.631060000000000       -103.84349891714437     
   11.661830000000000       -103.83365298678903     
   11.692600000000001       -103.82380705643371     
   11.723369999999999       -103.81396112607840     
   11.754140000000000       -103.80411519572306     
   11.784910000000000       -103.79426926536773     
   11.815680000000000       -103.78442333501239     
   11.846450000000001       -103.77457740465707     
   11.877219999999999       -103.76473147430173     
   11.907990000000000       -103.75488554394641     
   11.938760000000000       -103.74503961359109     
   11.969530000000001       -103.73519368323575     
   12.000299999999999       -103.72534775288044     
   12.031070000000000       -103.71550182252508     
   12.061840000000000       -103.70565589216976     
   12.092610000000001       -103.69580996181445     
   12.123379999999999       -103.68596403145911     
   12.154150000000000       -103.67611810110378     
   12.184920000000000       -103.66627217074847     
   12.215690000000000       -103.65642624039313     
   12.246460000000001       -103.64658031003781     
   12.277229999999999       -103.63673437968248     
   12.308000000000000       -103.62688844932714     
   12.338770000000000       -103.61704251897181     
   12.369540000000001       -103.60719658861650     
   12.400309999999999       -103.59735065826116     
   12.431080000000000       -103.58750472790584     
   12.461850000000000       -103.57765879755050     
   12.492620000000001       -103.56781286719517     
   12.523389999999999       -103.55796693683983     
   12.554160000000000       -103.54812100648451     
   12.584930000000000       -103.53827507612920     
   12.615700000000000       -103.52842914577386     
   12.646470000000001       -103.51858321541853     
   12.677239999999999       -103.50873728506322     
   12.708010000000000       -103.49889135470788     
   12.738780000000000       -103.48904542435255     
   12.769550000000001       -103.47919949399721     
   12.800319999999999       -103.46935356364189     
   12.831090000000000       -103.45950763328655     
   12.861860000000000       -103.44966170293124     
   12.892630000000000       -103.43981577257591     
   12.923400000000001       -103.42996984222057     
   12.954170000000000       -103.42012391186526     
   12.984940000000000       -103.41027798150991     
   13.015710000000000       -103.40043205115458     
   13.046480000000001       -103.39058612079927     
   13.077249999999999       -103.38074019044393     
   13.108020000000000       -103.37089426008860     
   13.138790000000000       -103.36104832973326     
   13.169560000000001       -103.35120239937795     
   13.200329999999999       -103.34135646902263     
   13.231100000000000       -103.33151053866729     
   13.261870000000000       -103.32166460831196     
   13.292640000000000       -103.31181867795662     
   13.323410000000001       -103.30197274760130     
   13.354179999999999       -103.29212681724599     
   13.384950000000000       -103.28228088689066     
   13.415720000000000       -103.27243495653532     
   13.446490000000001       -103.26258902618001     
   13.477259999999999       -103.25274309582466     
   13.508030000000000       -103.24289716546933     
   13.538800000000000       -103.23305123511402     
   13.569570000000001       -103.22320530475868     
   13.600339999999999       -103.21335937440335     
   13.631110000000000       -103.20351344404804     
   13.661880000000000       -103.19366751369270     
   13.692650000000000       -103.18382158333738     
   13.723420000000001       -103.17397565298204     
   13.754189999999999       -103.16412972262671     
   13.784960000000000       -103.15428379227137     
   13.815730000000000       -103.14443786191606     
   13.846500000000001       -103.13459193156073     
   13.877269999999999       -103.12474600120539     
   13.908040000000000       -103.11490007085008     
   13.938810000000000       -103.10505414049473     
   13.969580000000001       -103.09520821013940     
   14.000349999999999       -103.08536227978406     
   14.031120000000000       -103.07551634942875     
   14.061890000000000       -103.06567041907343     
   14.092660000000000       -103.05582448871809     
   14.123430000000001       -103.04597855836278     
   14.154199999999999       -103.03613262800745     
   14.184970000000000       -103.02628669765211     
   14.215740000000000       -103.01644076729679     
   14.246510000000001       -103.00659483694145     
   14.277279999999999       -102.99674890658612     
   14.308050000000000       -102.98690297623081     
   14.338820000000000       -102.97705704587547     
   14.369590000000001       -102.96721111552014     
   14.400359999999999       -102.95736518516483     
   14.431130000000000       -102.94751925480948     
   14.461900000000000       -102.93767332445415     
   14.492670000000000       -102.92782739409884     
   14.523440000000001       -102.91798146374350     
   14.554209999999999       -102.90813553338818     
   14.584980000000000       -102.89828960303286     
   14.615750000000000       -102.88844367267752     
   14.646520000000001       -102.87859774232220     
   14.677289999999999       -102.86875181196685     
   14.708060000000000       -102.85890588161153     
   14.738830000000000       -102.84905995125619     
   14.769600000000001       -102.83921402090087     
   14.800369999999999       -102.82936809054556     
   14.831140000000000       -102.81952216019022     
   14.861910000000000       -102.80967622983489     
   14.892680000000000       -102.79983029947955     
   14.923450000000001       -102.78998436912423     
   14.954219999999999       -102.78013843876889     
   14.984990000000000       -102.77029250841358     
   15.015760000000000       -102.76044657805825     
   15.046530000000001       -102.75060064770291     
   15.077299999999999       -102.74075471734760     
   15.108070000000000       -102.73090878699227     
   15.138840000000000       -102.72106285663693     
   15.169610000000000       -102.71121692628161     
   15.200379999999999       -102.70137099592627     
   15.231150000000000       -102.69152506557094     
   15.261920000000000       -102.68167913521563     
   15.292690000000000       -102.67183320486029     
   15.323460000000001       -102.66198727450497     
   15.354229999999999       -102.65214134414965     
   15.385000000000000       -102.64229541379430     
   15.415770000000000       -102.63244948343896     
   15.446540000000001       -102.62260355308364     
   15.477309999999999       -102.61275762272832     
   15.508080000000000       -102.60291169237298     
   15.538850000000000       -102.59306576201766     
   15.569620000000000       -102.58321983166235     
   15.600390000000001       -102.57337390130702     
   15.631159999999999       -102.56352797095167     
   15.661930000000000       -102.55368204059636     
   15.692700000000000       -102.54383611024102     
   15.723470000000001       -102.53399017988569     
   15.754239999999999       -102.52414424953038     
   15.785010000000000       -102.51429831917504     
   15.815780000000000       -102.50445238881971     
   15.846550000000001       -102.49460645846438     
   15.877319999999999       -102.48476052810905     
   15.908090000000000       -102.47491459775371     
   15.938860000000000       -102.46506866739840     
   15.969630000000000       -102.45522273704307     
   16.000399999999999       -102.44537680668773     
   16.031169999999999       -102.43553087633242     
   16.061940000000000       -102.42568494597710     
   16.092710000000000       -102.41583901562176     
   16.123480000000001       -102.40599308526640     
   16.154250000000001       -102.39614715491109     
   16.185020000000002       -102.38630122455577     
   16.215789999999998       -102.37645529420043     
   16.246559999999999       -102.36660936384511     
   16.277329999999999       -102.35676343348979     
   16.308100000000000       -102.34691750313445     
   16.338870000000000       -102.33707157277912     
   16.369640000000000       -102.32722564242378     
   16.400410000000001       -102.31737971206846     
   16.431180000000001       -102.30753378171315     
   16.461950000000002       -102.29768785135781     
   16.492719999999998       -102.28784192100248     
   16.523489999999999       -102.27799599064717     
   16.554259999999999       -102.26815006029183     
   16.585030000000000       -102.25830412993650     
   16.615800000000000       -102.24845819958117     
   16.646570000000001       -102.23861226922584     
   16.677340000000001       -102.22876633887051     
   16.708110000000001       -102.21892040851520     
   16.738880000000002       -102.20907447815986     
   16.769649999999999       -102.19922854780454     
   16.800419999999999       -102.18938261744923     
   16.831189999999999       -102.17953668709387     
   16.861960000000000       -102.16969075673853     
   16.892730000000000       -102.15984482638322     
   16.923500000000001       -102.14999889602790     
   16.954270000000001       -102.14015296567256     
   16.985040000000001       -102.13030703531723     
   17.015809999999998       -102.12046110496192     
   17.046579999999999       -102.11061517460658     
   17.077349999999999       -102.10076924425123     
   17.108120000000000       -102.09092331389591     
   17.138890000000000       -102.08107738354059     
   17.169660000000000       -102.07123145318525     
   17.200430000000001       -102.06138552282994     
   17.231200000000001       -102.05153959247461     
   17.261970000000002       -102.04169366211927     
   17.292739999999998       -102.03184773176395     
   17.323509999999999       -102.02200180140861     
   17.354279999999999       -102.01215587105328     
   17.385050000000000       -102.00230994069797     
   17.415820000000000       -101.99246401034263     
   17.446590000000000       -101.98261807998730     
   17.477360000000001       -101.97277214963199     
   17.508130000000001       -101.96292621927665     
   17.538900000000002       -101.95308028892133     
   17.569669999999999       -101.94323435856599     
   17.600439999999999       -101.93338842821066     
   17.631209999999999       -101.92354249785532     
   17.661980000000000       -101.91369656750000     
   17.692750000000000       -101.90385063714469     
   17.723520000000001       -101.89400470678935     
   17.754290000000001       -101.88415877643402     
   17.785060000000001       -101.87431284607869     
   17.815829999999998       -101.86446691572336     
   17.846599999999999       -101.85462098536803     
   17.877369999999999       -101.84477505501272     
   17.908140000000000       -101.83492912465738     
   17.938910000000000       -101.82508319430205     
   17.969680000000000       -101.81523726394674     
   18.000450000000001       -101.80539133359140     
   18.031220000000001       -101.79554540323605     
   18.061990000000002       -101.78569947288074     
   18.092759999999998       -101.77585354252541     
   18.123529999999999       -101.76600761217007     
   18.154299999999999       -101.75616168181476     
   18.185070000000000       -101.74631575145943     
   18.215840000000000       -101.73646982110409     
   18.246610000000000       -101.72662389074877     
   18.277380000000001       -101.71677796039343     
   18.308150000000001       -101.70693203003810     
   18.338920000000002       -101.69708609968279     
   18.369689999999999       -101.68724016932745     
   18.400459999999999       -101.67739423897213     
   18.431229999999999       -101.66754830861682     
   18.462000000000000       -101.65770237826148     
   18.492770000000000       -101.64785644790615     
   18.523540000000001       -101.63801051755080     
   18.554310000000001       -101.62816458719549     
   18.585080000000001       -101.61831865684015     
   18.615849999999998       -101.60847272648482     
   18.646619999999999       -101.59862679612951     
   18.677389999999999       -101.58878086577417     
   18.708159999999999       -101.57893493541884     
   18.738930000000000       -101.56908900506350     
   18.769700000000000       -101.55924307470818     
   18.800470000000001       -101.54939714435284     
   18.831240000000001       -101.53955121399753     
   18.862010000000001       -101.52970528364220     
   18.892779999999998       -101.51985935328688     
   18.923549999999999       -101.51001342293156     
   18.954319999999999       -101.50016749257622     
   18.985090000000000       -101.49032156222090     
   19.015860000000000       -101.48047563186556     
   19.046630000000000       -101.47062970151023     
   19.077400000000001       -101.46078377115489     
   19.108170000000001       -101.45093784079957     
   19.138940000000002       -101.44109191044426     
   19.169709999999998       -101.43124598008892     
   19.200479999999999       -101.42140004973359     
   19.231249999999999       -101.41155411937825     
   19.262020000000000       -101.40170818902293     
   19.292790000000000       -101.39186225866759     
   19.323560000000001       -101.38201632831228     
   19.354330000000001       -101.37217039795695     
   19.385100000000001       -101.36232446760161     
   19.415870000000002       -101.35247853724630     
   19.446639999999999       -101.34263260689097     
   19.477409999999999       -101.33278667653562     
   19.508179999999999       -101.32294074618031     
   19.538950000000000       -101.31309481582497     
   19.569720000000000       -101.30324888546964     
   19.600490000000001       -101.29340295511433     
   19.631260000000001       -101.28355702475899     
   19.662030000000001       -101.27371109440367     
   19.692799999999998       -101.26386516404833     
   19.723569999999999       -101.25401923369300     
   19.754339999999999       -101.24417330333766     
   19.785110000000000       -101.23432737298235     
   19.815880000000000       -101.22448144262702     
   19.846650000000000       -101.21463551227168     
   19.877420000000001       -101.20478958191637     
   19.908190000000001       -101.19494365156105     
   19.938960000000002       -101.18509772120571     
   19.969729999999998       -101.17525179085038     
   20.000499999999999       -101.16540586049506     
   20.031269999999999       -101.15555993013972     
   20.062040000000000       -101.14571399978439     
   20.092810000000000       -101.13586806942908     
   20.123580000000000       -101.12602213907374     
   20.154350000000001       -101.11617620871841     
   20.185120000000001       -101.10633027836307     
   20.215890000000002       -101.09648434800775     
   20.246659999999999       -101.08663841765241     
   20.277429999999999       -101.07679248729710     
   20.308199999999999       -101.06694655694177     
   20.338970000000000       -101.05710062658643     
   20.369740000000000       -101.04725469623112     
   20.400510000000001       -101.03740876587580     
   20.431280000000001       -101.02756283552044     
   20.462050000000001       -101.01771690516513     
   20.492819999999998       -101.00787097480979     
   20.523589999999999       -100.99802504445447     
   20.554359999999999       -100.98817911409915     
   20.585129999999999       -100.97833318374381     
   20.615900000000000       -100.96848725338849     
   20.646670000000000       -100.95864132303315     
   20.677440000000001       -100.94879539267782     
   20.708210000000001       -100.93894946232248     
   20.738980000000002       -100.92910353196716     
   20.769749999999998       -100.91925760161185     
   20.800519999999999       -100.90941167125651     
   20.831289999999999       -100.89956574090118     
   20.862060000000000       -100.88971981054587     
   20.892830000000000       -100.87987388019053     
   20.923600000000000       -100.87002794983518     
   20.954370000000001       -100.86018201947986     
   20.985140000000001       -100.85033608912454     
   21.015910000000002       -100.84049015876920     
   21.046679999999999       -100.83064422841389     
   21.077449999999999       -100.82079829805856     
   21.108219999999999       -100.81095236770324     
   21.138990000000000       -100.80110643734790     
   21.169760000000000       -100.79126050699257     
   21.200530000000001       -100.78141457663723     
   21.231300000000001       -100.77156864628192     
   21.262070000000001       -100.76172271592660     
   21.292840000000002       -100.75187678557126     
   21.323609999999999       -100.74203085521594     
   21.354379999999999       -100.73218492486062     
   21.385149999999999       -100.72233899450528     
   21.415920000000000       -100.71249306414995     
   21.446690000000000       -100.70264713379461     
   21.477460000000001       -100.69280120343929     
   21.508230000000001       -100.68295527308395     
   21.539000000000001       -100.67310934272864     
   21.569769999999998       -100.66326341237331     
   21.600539999999999       -100.65341748201797     
   21.631309999999999       -100.64357155166265     
   21.662080000000000       -100.63372562130731     
   21.692850000000000       -100.62387969095198     
   21.723620000000000       -100.61403376059667     
   21.754390000000001       -100.60418783024133     
   21.785160000000001       -100.59434189988600     
   21.815930000000002       -100.58449596953069     
   21.846699999999998       -100.57465003917535     
   21.877469999999999       -100.56480410882000     
   21.908239999999999       -100.55495817846469     
   21.939010000000000       -100.54511224810936     
   21.969780000000000       -100.53526631775402     
   22.000550000000000       -100.52542038739871     
   22.031320000000001       -100.51557445704339     
   22.062090000000001       -100.50572852668805     
   22.092860000000002       -100.49588259633272     
   22.123629999999999       -100.48603666597738     
   22.154399999999999       -100.47619073562205     
   22.185169999999999       -100.46634480526673     
   22.215940000000000       -100.45649887491142     
   22.246710000000000       -100.44665294455608     
   22.277480000000001       -100.43680701420075     
   22.308250000000001       -100.42696108384544     
   22.339020000000001       -100.41711515349010     
   22.369789999999998       -100.40726922313475     
   22.400559999999999       -100.39742329277944     
   22.431329999999999       -100.38757736242411     
   22.462100000000000       -100.37773143206877     
   22.492870000000000       -100.36788550171346     
   22.523640000000000       -100.35803957135813     
   22.554410000000001       -100.34819364100279     
   22.585180000000001       -100.33834771064747     
   22.615950000000002       -100.32850178029213     
   22.646719999999998       -100.31865584993680     
   22.677489999999999       -100.30880991958149     
   22.708259999999999       -100.29896398922615     
   22.739030000000000       -100.28911805887083     
   22.769800000000000       -100.27927212851552     
   22.800570000000000       -100.26942619816018     
   22.831340000000001       -100.25958026780482     
   22.862110000000001       -100.24973433744951     
   22.892880000000002       -100.23988840709418     
   22.923649999999999       -100.23004247673884     
   22.954419999999999       -100.22019654638353     
   22.985189999999999       -100.21035061602821     
   23.015960000000000       -100.20050468567287     
   23.046730000000000       -100.19065875531754     
   23.077500000000001       -100.18081282496220     
   23.108270000000001       -100.17096689460688     
   23.139040000000001       -100.16112096425154     
   23.169809999999998       -100.15127503389623     
   23.200579999999999       -100.14142910354090     
   23.231349999999999       -100.13158317318558     
   23.262119999999999       -100.12173724283025     
   23.292890000000000       -100.11189131247492     
   23.323660000000000       -100.10204538211957     
   23.354430000000001       -100.09219945176426     
   23.385200000000001       -100.08235352140893     
   23.415970000000002       -100.07250759105359     
   23.446739999999998       -100.06266166069828     
   23.477509999999999       -100.05281573034296     
   23.508279999999999       -100.04296979998762     
   23.539050000000000       -100.03312386963229     
   23.569820000000000       -100.02327793927695     
   23.600590000000000       -100.01343200892163     
   23.631360000000001       -100.00358607856629     
   23.662130000000001       -99.993740148210975     
   23.692900000000002       -99.983894217855649     
   23.723669999999998       -99.974048287500310     
   23.754439999999999       -99.964202357144998     
   23.785209999999999       -99.954356426789644     
   23.815980000000000       -99.944510496434319     
   23.846750000000000       -99.934664566079007     
   23.877520000000001       -99.924818635723668     
   23.908290000000001       -99.914972705368342     
   23.939060000000001       -99.905126775013031     
   23.969830000000002       -99.895280844657691     
   24.000599999999999       -99.885434914302365     
   24.031369999999999       -99.875588983947026     
   24.062139999999999       -99.865743053591700     
   24.092910000000000       -99.855897123236360     
   24.123680000000000       -99.846051192881049     
   24.154450000000001       -99.836205262525723     
   24.185220000000001       -99.826359332170384     
   24.215990000000001       -99.816513401815072     
   24.246759999999998       -99.806667471459747     
   24.277529999999999       -99.796821541104393     
   24.308299999999999       -99.786975610749082     
   24.339070000000000       -99.777129680393756     
   24.369840000000000       -99.767283750038416     
   24.400610000000000       -99.757437819683105     
   24.431380000000001       -99.747591889327779     
   24.462150000000001       -99.737745958972440     
   24.492920000000002       -99.727900028617114     
   24.523689999999998       -99.718054098261774     
   24.554459999999999       -99.708208167906449     
   24.585229999999999       -99.698362237551109     
   24.616000000000000       -99.688516307195798     
   24.646770000000000       -99.678670376840472     
   24.677540000000000       -99.668824446485132     
   24.708310000000001       -99.658978516129821     
   24.739080000000001       -99.649132585774495     
   24.769850000000002       -99.639286655419141     
   24.800619999999999       -99.629440725063830     
   24.831389999999999       -99.619594794708490     
   24.862159999999999       -99.609748864353165     
   24.892930000000000       -99.599902933997853     
   24.923700000000000       -99.590057003642514     
   24.954470000000001       -99.580211073287188     
   24.985240000000001       -99.570365142931848     
   25.016010000000001       -99.560519212576523     
   25.046779999999998       -99.550673282221183     
   25.077549999999999       -99.540827351865872     
   25.108319999999999       -99.530981421510546     
   25.139089999999999       -99.521135491155206     
   25.169860000000000       -99.511289560799881     
   25.200630000000000       -99.501443630444570     
   25.231400000000001       -99.491597700089216     
   25.262170000000001       -99.481751769733876     
   25.292940000000002       -99.471905839378564     
   25.323709999999998       -99.462059909023239     
   25.354479999999999       -99.452213978667899     
   25.385249999999999       -99.442368048312588     
   25.416020000000000       -99.432522117957262     
   25.446790000000000       -99.422676187601937     
   25.477560000000000       -99.412830257246597     
   25.508330000000001       -99.402984326891271     
   25.539100000000001       -99.393138396535932     
   25.569870000000002       -99.383292466180620     
   25.600639999999999       -99.373446535825295     
   25.631409999999999       -99.363600605469955     
   25.662179999999999       -99.353754675114644     
   25.692950000000000       -99.343908744759318     
   25.723720000000000       -99.334062814403964     
   25.754490000000001       -99.324216884048653     
   25.785260000000001       -99.314370953693313     
   25.816030000000001       -99.304525023337987     
   25.846800000000002       -99.294679092982676     
   25.877569999999999       -99.284833162627336     
   25.908339999999999       -99.274987232272011     
   25.939109999999999       -99.265141301916671     
   25.969880000000000       -99.255295371561346     
   26.000650000000000       -99.245449441206006     
   26.031420000000001       -99.235603510850680     
   26.062190000000001       -99.225757580495369     
   26.092960000000001       -99.215911650140029     
   26.123729999999998       -99.206065719784704     
   26.154499999999999       -99.196219789429392     
   26.185269999999999       -99.186373859074038     
   26.216040000000000       -99.176527928718698     
   26.246810000000000       -99.166681998363387     
   26.277580000000000       -99.156836068008062     
   26.308350000000001       -99.146990137652722     
   26.339120000000001       -99.137144207297411     
   26.369890000000002       -99.127298276942085     
   26.400659999999998       -99.117452346586745     
   26.431429999999999       -99.107606416231420     
   26.462199999999999       -99.097760485876080     
   26.492970000000000       -99.087914555520754     
   26.523740000000000       -99.078068625165443     
   26.554510000000001       -99.068222694810117     
   26.585280000000001       -99.058376764454778     
   26.616050000000001       -99.048530834099452     
   26.646820000000002       -99.038684903744141     
   26.677589999999999       -99.028838973388787     
   26.708359999999999       -99.018993043033447     
   26.739129999999999       -99.009147112678136     
   26.769900000000000       -98.999301182322810     
   26.800670000000000       -98.989455251967470     
   26.831440000000001       -98.979609321612159     
   26.862210000000001       -98.969763391256834     
   26.892980000000001       -98.959917460901494     
   26.923749999999998       -98.950071530546168     
   26.954519999999999       -98.940225600190828     
   26.985289999999999       -98.930379669835503     
   27.016060000000000       -98.920533739480192     
   27.046830000000000       -98.910687809124852     
   27.077600000000000       -98.900841878769526     
   27.108370000000001       -98.890995948414215     
   27.139140000000001       -98.881150018058875     
   27.169910000000002       -98.871304087703521     
   27.200679999999998       -98.861458157348210     
   27.231449999999999       -98.851612226992884     
   27.262219999999999       -98.841766296637545     
   27.292990000000000       -98.831920366282233     
   27.323760000000000       -98.822074435926908     
   27.354530000000000       -98.812228505571568     
   27.385300000000001       -98.802382575216242     
   27.416070000000001       -98.792536644860903     
   27.446840000000002       -98.782690714505577     
   27.477609999999999       -98.772844784150266     
   27.508379999999999       -98.762998853794926     
   27.539149999999999       -98.753152923439600     
   27.569920000000000       -98.743306993084261     
   27.600690000000000       -98.733461062728949     
   27.631460000000001       -98.723615132373610     
   27.662230000000001       -98.713769202018270     
   27.693000000000001       -98.703923271662958     
   27.723769999999998       -98.694077341307633     
   27.754539999999999       -98.684231410952293     
   27.785309999999999       -98.674385480596982     
   27.816079999999999       -98.664539550241656     
   27.846850000000000       -98.654693619886316     
   27.877620000000000       -98.644847689530991     
   27.908390000000001       -98.635001759175651     
   27.939160000000001       -98.625155828820326     
   27.969930000000002       -98.615309898465014     
   28.000699999999998       -98.605463968109675     
   28.031469999999999       -98.595618037754349     
   28.062239999999999       -98.585772107399038     
   28.093010000000000       -98.575926177043698     
   28.123780000000000       -98.566080246688344     
   28.154550000000000       -98.556234316333018     
   28.185320000000001       -98.546388385977707     
   28.216090000000001       -98.536542455622367     
   28.246860000000002       -98.526696525267042     
   28.277629999999998       -98.516850594911730     
   28.308399999999999       -98.507004664556391     
   28.339169999999999       -98.497158734201065     
   28.369940000000000       -98.487312803845725     
   28.400710000000000       -98.477466873490400     
   28.431480000000001       -98.467620943135060     
   28.462250000000001       -98.457775012779749     
   28.493020000000001       -98.447929082424423     
   28.523790000000002       -98.438083152069083     
   28.554559999999999       -98.428237221713772     
   28.585329999999999       -98.418391291358418     
   28.616099999999999       -98.408545361003092     
   28.646870000000000       -98.398699430647781     
   28.677640000000000       -98.388853500292441     
   28.708410000000001       -98.379007569937116     
   28.739180000000001       -98.369161639581804     
   28.769950000000001       -98.359315709226479     
   28.800719999999998       -98.349469778871139     
   28.831489999999999       -98.339623848515814     
   28.862259999999999       -98.329777918160474     
   28.893030000000000       -98.319931987805148     
   28.923800000000000       -98.310086057449837     
   28.954570000000000       -98.300240127094497     
   28.985340000000001       -98.290394196739172     
   29.016110000000001       -98.280548266383832     
   29.046880000000002       -98.270702336028521     
   29.077649999999998       -98.260856405673167     
   29.108419999999999       -98.251010475317841     
   29.139189999999999       -98.241164544962530     
   29.169960000000000       -98.231318614607190     
   29.200730000000000       -98.221472684251864     
   29.231500000000000       -98.211626753896553     
   29.262270000000001       -98.201780823541213     
   29.293040000000001       -98.191934893185888     
   29.323810000000002       -98.182088962830548     
   29.354579999999999       -98.172243032475222     
   29.385349999999999       -98.162397102119883     
   29.416119999999999       -98.152551171764571     
   29.446890000000000       -98.142705241409246     
   29.477660000000000       -98.132859311053906     
   29.508430000000001       -98.123013380698595     
   29.539200000000001       -98.113167450343269     
   29.569970000000001       -98.103321519987915     
   29.600739999999998       -98.093475589632604     
   29.631509999999999       -98.083629659277264     
   29.662279999999999       -98.073783728921939     
   29.693049999999999       -98.063937798566599     
   29.723820000000000       -98.054091868211287     
   29.754590000000000       -98.044245937855962     
   29.785360000000001       -98.034400007500622     
   29.816130000000001       -98.024554077145297     
   29.846900000000002       -98.014708146789971     
   29.877669999999998       -98.004862216434631     
   29.908439999999999       -97.995016286079320     
   29.939209999999999       -97.985170355723994     
   29.969980000000000       -97.975324425368655     
   30.000750000000000       -97.965478495013343     
   30.031520000000000       -97.955632564657989     
   30.062290000000001       -97.945786634302664     
   30.093060000000001       -97.935940703947352     
   30.123830000000002       -97.926094773592013     
   30.154599999999999       -97.916248843236687     
   30.185369999999999       -97.906402912881376     
   30.216139999999999       -97.896556982526036     
   30.246910000000000       -97.886711052170710     
   30.277680000000000       -97.876865121815371     
   30.308450000000001       -97.867019191460045     
   30.339220000000001       -97.857173261104705     
   30.369990000000001       -97.847327330749394     
   30.400759999999998       -97.837481400394068     
   30.431529999999999       -97.827635470038729     
   30.462299999999999       -97.817789539683417     
   30.493069999999999       -97.807943609328092     
   30.523840000000000       -97.798097678972738     
   30.554610000000000       -97.788251748617398     
   30.585380000000001       -97.778405818262087     
   30.616150000000001       -97.768559887906761     
   30.646920000000001       -97.758713957551421     
   30.677689999999998       -97.748868027196110     
   30.708459999999999       -97.739022096840785     
   30.739229999999999       -97.729176166485445     
   30.770000000000000       -97.719330236130119     
   30.800770000000000       -97.709484305774780     
   30.831540000000000       -97.699638375419454     
   30.862310000000001       -97.689792445064143     
   30.893080000000001       -97.679946514708803     
   30.923850000000002       -97.670100584353477     
   30.954619999999998       -97.660254653998166     
   30.985389999999999       -97.650408723642812     
   31.016159999999999       -97.640562793287486     
   31.046930000000000       -97.630716862932175     
   31.077700000000000       -97.620870932576835     
   31.108470000000001       -97.611025002221510     
   31.139240000000001       -97.601179071866170     
   31.170010000000001       -97.591333141510859     
   31.200780000000002       -97.581487211155533     
   31.231549999999999       -97.571641280800193     
   31.262319999999999       -97.561795350444868     
   31.293089999999999       -97.551949420089528     
   31.323860000000000       -97.542103489734203     
   31.354630000000000       -97.532257559378891     
   31.385400000000001       -97.522411629023551     
   31.416170000000001       -97.512565698668226     
   31.446940000000001       -97.502719768312915     
   31.477709999999998       -97.492873837957561     
   31.508479999999999       -97.483027907602221     
   31.539249999999999       -97.473181977246909     
   31.570020000000000       -97.463336046891584     
   31.600790000000000       -97.453490116536244     
   31.631560000000000       -97.443644186180933     
   31.662330000000001       -97.433798255825607     
   31.693100000000001       -97.423952325470268     
   31.723870000000002       -97.414106395114942     
   31.754639999999998       -97.404260464759602     
   31.785409999999999       -97.394414534404277     
   31.816179999999999       -97.384568604048965     
   31.846950000000000       -97.374722673693626     
   31.877720000000000       -97.364876743338300     
   31.908490000000000       -97.355030812982989     
   31.939260000000001       -97.345184882627649     
   31.970030000000001       -97.335338952272295     
   32.000799999999998       -97.325493021916984     
   32.031570000000002       -97.315647091561658     
   32.062339999999999       -97.305801161206332     
   32.093110000000003       -97.295955230850993     
   32.123880000000000       -97.286109300495681     
   32.154649999999997       -97.276263370140356     
   32.185420000000001       -97.266417439785016     
   32.216189999999997       -97.256571509429691     
   32.246960000000001       -97.246725579074351     
   32.277729999999998       -97.236879648719025     
   32.308500000000002       -97.227033718363714     
   32.339269999999999       -97.217187788008374     
   32.370040000000003       -97.207341857653049     
   32.400810000000000       -97.197495927297737     
   32.431579999999997       -97.187649996942383     
   32.462350000000001       -97.177804066587044     
   32.493119999999998       -97.167958136231732     
   32.523890000000002       -97.158112205876407     
   32.554659999999998       -97.148266275521067     
   32.585430000000002       -97.138420345165741     
   32.616199999999999       -97.128574414810430     
   32.646970000000003       -97.118728484455090     
   32.677740000000000       -97.108882554099765     
   32.708509999999997       -97.099036623744425     
   32.739280000000001       -97.089190693389099     
   32.770049999999998       -97.079344763033760     
   32.800820000000002       -97.069498832678448     
   32.831589999999998       -97.059652902323123     
   32.862360000000002       -97.049806971967783     
   32.893129999999999       -97.039961041612472     
   32.923900000000003       -97.030115111257118     
   32.954670000000000       -97.020269180901792     
   32.985439999999997       -97.010423250546481     
   33.016210000000001       -97.000577320191141     
   33.046979999999998       -96.990731389835815     
   33.077750000000002       -96.980885459480504     
   33.108519999999999       -96.971039529125164     
   33.139290000000003       -96.961193598769839     
   33.170059999999999       -96.951347668414513     
   33.200830000000003       -96.941501738059173     
   33.231600000000000       -96.931655807703848     
   33.262369999999997       -96.921809877348537     
   33.293140000000001       -96.911963946993197     
   33.323909999999998       -96.902118016637871     
   33.354680000000002       -96.892272086282560     
   33.385449999999999       -96.882426155927206     
   33.416220000000003       -96.872580225571866     
   33.446990000000000       -96.862734295216555     
   33.477760000000004       -96.852888364861229     
   33.508530000000000       -96.843042434505890     
   33.539299999999997       -96.833196504150578     
   33.570070000000001       -96.823350573795253     
   33.600839999999998       -96.813504643439913     
   33.631610000000002       -96.803658713084587     
   33.662379999999999       -96.793812782729248     
   33.693150000000003       -96.783966852373922     
   33.723920000000000       -96.774120922018582     
   33.754689999999997       -96.764274991663271     
   33.785460000000000       -96.754429061307945     
   33.816229999999997       -96.744583130952606     
   33.847000000000001       -96.734737200597294     
