542
3.361574730830799922e+02 0.000000000000000000e+00
3.388632970182109716e+02 8.658223600611043569e-01
3.415691209533420079e+02 2.565227321220048484e+00
3.418397033468551172e+02 2.764442439812009322e+00
3.421102857403682265e+02 2.968728178111153415e+00
3.423808681338813358e+02 3.178084536117580683e+00
3.426514505273943882e+02 3.392511513831195202e+00
3.429220329209074976e+02 3.612009111252016069e+00
3.431926153144206069e+02 3.836272060363031144e+00
3.434631977079337162e+02 2.391882097292109474e-02
3.437337801014468255e+02 4.299326458888874214e+00
3.440043624949599348e+02 4.537110219276377698e+00
3.442749448884729873e+02 4.779166775774395859e+00
3.469807688236039667e+02 7.403285640399243306e+00
3.496865927587350029e+02 1.038451041018713639e+01
3.523924166938659823e+02 1.368124129550696111e+01
3.550982406289970186e+02 1.725549302744372682e+01
3.578040645641279980e+02 2.109961771412026721e+01
3.605098884992589774e+02 2.517859444738009245e+01
3.632157124343900136e+02 2.947535143688757131e+01
3.659215363695209930e+02 3.399284003580245894e+01
3.686273603046519725e+02 3.871293021862186379e+01
3.713331842397830087e+02 4.361849309157736343e+01
3.740390081749139881e+02 4.870981304690577218e+01
3.767448321100449675e+02 5.398498055394175310e+01
3.794506560451760038e+02 5.942260502473436645e+01
3.821564799803069832e+02 6.501249760818599555e+01
3.848623039154380194e+02 7.075423267771003566e+01
3.875681278505689988e+02 7.665350695769319600e+01
3.902739517856999782e+02 8.269649231785027155e+01
3.929797757208310145e+02 8.886918582218783058e+01
3.956855996559619939e+02 9.517267889307224493e+01
3.983914235910930302e+02 1.016229850332325384e+02
4.010972475262240096e+02 1.082162984906303649e+02
4.038030714613549890e+02 1.149087295011189553e+02
4.065088953964859684e+02 1.216978919518481348e+02
4.092147193316170046e+02 1.286122174046029727e+02
4.119205432667479840e+02 1.356626541172745419e+02
4.146263672018790203e+02 1.428467081784334596e+02
4.173321911370099997e+02 1.497048797932220623e+02
4.176027735305231090e+02 1.507970358049929871e+02
4.178733559240362183e+02 1.515260717503767296e+02
4.181439383175493276e+02 1.522561884681086042e+02
4.184145207110623801e+02 1.529873859581887245e+02
4.186851031045754894e+02 1.537196670778992598e+02
4.189556854980885987e+02 1.544530498893262802e+02
4.192262678916017080e+02 1.551875375612523555e+02
4.194968502851148173e+02 1.559231300936778268e+02
4.197674326786279266e+02 1.566598274866030067e+02
4.200380150721409791e+02 1.573976303061670023e+02
4.203085974656540884e+02 1.581365758179889554e+02
4.205791798591671977e+02 1.588766864638228640e+02
4.208497622526803070e+02 1.596179622436694103e+02
4.211203446461933595e+02 1.603604031575285092e+02
4.213909270397064688e+02 1.611040092053997910e+02
4.216615094332195781e+02 1.618487805222352733e+02
4.219320918267326874e+02 1.625948477014561036e+02
4.222026742202457967e+02 1.633423825622737695e+02
4.224732566137589060e+02 1.640913862015818552e+02
4.227438390072720154e+02 1.648418586193808153e+02
4.254496629424029948e+02 1.724276097042569802e+02
4.281554868775340310e+02 1.801605793807898124e+02
4.308613108126650104e+02 1.878267954133596049e+02
4.335671347477959898e+02 1.955654187044328012e+02
4.362729586829269692e+02 2.034459579387674069e+02
4.389787826180580055e+02 2.114810937118565448e+02
4.416846065531889849e+02 2.196607173404367472e+02
4.443904304883200211e+02 2.277112298864101945e+02
4.470962544234510005e+02 2.357952714561124026e+02
4.498020783585819800e+02 2.440495117472221409e+02
4.525079022937130162e+02 2.524921779833011612e+02
4.552137262288439956e+02 2.609611023194275390e+02
4.579195501639750319e+02 2.692673584809374461e+02
4.606253740991060113e+02 2.776459455180049645e+02
4.633311980342369907e+02 2.861639352739302922e+02
4.660370219693679701e+02 2.948502446639191135e+02
4.687428459044990063e+02 3.033689545503320346e+02
4.714486698396300426e+02 3.118918934521661299e+02
4.741544937747610220e+02 3.205780881276286323e+02
4.768603177098920014e+02 3.293329477645048087e+02
4.795661416450229808e+02 3.378376795182072669e+02
4.798367240385360901e+02 3.388313704984030323e+02
4.801073064320491994e+02 3.398608323113119809e+02
4.803778888255623087e+02 3.409225879948405122e+02
4.806484712190753612e+02 3.420119962351745357e+02
4.809190536125884705e+02 3.431261487854392840e+02
4.811896360061015798e+02 3.442621299464369145e+02
4.814602183996146891e+02 3.454198722205796912e+02
4.817308007931277984e+02 3.465984890478351872e+02
4.820013831866409078e+02 3.477956461342082548e+02
4.822719655801540171e+02 3.490108030870486573e+02
4.825425479736671264e+02 3.502425555856157189e+02
4.828131303671802357e+02 3.514908015579013636e+02
4.830837127606933450e+02 3.527555171283822801e+02
4.833542951542063975e+02 3.540359234313605725e+02
4.836248775477195068e+02 3.553303585407511491e+02
4.838954599412326161e+02 3.566387313039300579e+02
4.841660423347457254e+02 3.579604809279265965e+02
4.844366247282588347e+02 3.592956497788016463e+02
4.847072071217719440e+02 3.606444659433457787e+02
4.849777895152849965e+02 3.620071941790698133e+02
4.852483719087981058e+02 3.633842011279688791e+02
4.855189543023112151e+02 3.647741904827686881e+02
4.857895366958243244e+02 3.661516921631340438e+02
4.860601190893373769e+02 3.675157269924401362e+02
4.863307014828504862e+02 3.688869091782187866e+02
4.866012838763635955e+02 3.702651227075226075e+02
4.868718662698767048e+02 3.716504062521867127e+02
4.871424486633898141e+02 3.730428589742575696e+02
4.874130310569029234e+02 3.744424858537514638e+02
4.876836134504160327e+02 3.758492212038382831e+02
4.879541958439291420e+02 3.772618675194025286e+02
4.882247782374422513e+02 3.786799774673604020e+02
4.884953606309553606e+02 3.801035510048120614e+02
4.887659430244684131e+02 3.815326652232389506e+02
4.890365254179815224e+02 3.829676654174652413e+02
4.893071078114946317e+02 3.844086138908756425e+02
4.895776902050077410e+02 3.858556131921066026e+02
4.898482725985208504e+02 3.873087793652541109e+02
4.901188549920339597e+02 3.887692939229479521e+02
4.903894373855470121e+02 3.902375098318503888e+02
4.906600197790601214e+02 3.917125402452614935e+02
4.909306021725732307e+02 3.931941890694166091e+02
4.912011845660863401e+02 3.946832541566396912e+02
4.914717669595993925e+02 3.961797393795532116e+02
4.917423493531125018e+02 3.976839535671081194e+02
4.920129317466256111e+02 3.991962863290664245e+02
4.922835141401387204e+02 4.007167389491534664e+02
4.925540965336518298e+02 4.022453193757773420e+02
4.928246789271649391e+02 4.037821642016916144e+02
4.930952613206779915e+02 4.053273265061005191e+02
4.933658437141911008e+02 4.068808062890059887e+02
4.936364261077042102e+02 4.084423419194379221e+02
4.939070085012173195e+02 4.100106091246121878e+02
4.941775908947303719e+02 4.115773570054245170e+02
4.944481732882434812e+02 4.131365518122503886e+02
4.947187556817565905e+02 4.146882906989446269e+02
4.949893380752696999e+02 4.162333238456988624e+02
4.952599204687828092e+02 4.177721949213319590e+02
4.955305028622959185e+02 4.193049039258415860e+02
4.958010852558089709e+02 4.208316415303680174e+02
4.985069091909400072e+02 4.363173120328919481e+02
4.987774915844531165e+02 4.379172158463485971e+02
4.990480739779662258e+02 4.395288991484962366e+02
4.993186563714793351e+02 4.411523804454703850e+02
4.995892387649923876e+02 4.427876618239768050e+02
4.998598211585054969e+02 4.444347463035292094e+02
5.001304035520186062e+02 4.460936343419436980e+02
5.004009859455317155e+02 4.477644449590965792e+02
5.006715683390448248e+02 4.494417666068625294e+02
5.009421507325579341e+02 4.504090730724989839e+02
5.012127331260710434e+02 4.527926826736900239e+02
5.014833155195841528e+02 4.544596872586041627e+02
5.017538979130972621e+02 4.561204446037500020e+02
5.020244803066103714e+02 4.577748889906009708e+02
5.022950627001234238e+02 4.594003945185708631e+02
5.025656450936365331e+02 4.609811527901207455e+02
5.028362274871496425e+02 4.625419206805644876e+02
5.031068098806627518e+02 4.641008480940236041e+02
5.033773922741758611e+02 4.656579350304984359e+02
5.036479746676889704e+02 4.672131814899893811e+02
5.039185570612020229e+02 4.687665874899756773e+02
5.041891394547151322e+02 4.703174821629118583e+02
5.044597218482282415e+02 4.718583002144559373e+02
5.047303042417413508e+02 4.733873566358349763e+02
5.050008866352544032e+02 4.749036704886734697e+02
5.052714690287675126e+02 4.764074782954133411e+02
5.055420514222806219e+02 4.778989669902139781e+02
5.058126338157937312e+02 4.793781392196415823e+02
5.060832162093068405e+02 4.808464703983769937e+02
5.063537986028199498e+02 4.823113013279150323e+02
5.066243809963330023e+02 4.833278106692499136e+02
5.068949633898461116e+02 4.852341236667731437e+02
5.071655457833592209e+02 4.866927354731440687e+02
5.074361281768723302e+02 4.881495588181180096e+02
5.077067105703853827e+02 4.896045976895140370e+02
5.079772929638984920e+02 4.910557501817465322e+02
5.082478753574116013e+02 4.924967706728874646e+02
5.085184577509247106e+02 4.939303918848088983e+02
5.087890401444378199e+02 4.953461292080094722e+02
5.090596225379509292e+02 4.967294975609062249e+02
5.093302049314639817e+02 4.980803712571558890e+02
5.096007873249770910e+02 4.993993951907140740e+02
5.098713697184902003e+02 5.006895292544912195e+02
5.101419521120033096e+02 5.019512969487312262e+02
5.104125345055163621e+02 5.031963540495486313e+02
5.106831168990294714e+02 5.044327958446788784e+02
5.109536992925425807e+02 5.056606228735880677e+02
5.112242816860556900e+02 5.068798366327280291e+02
5.114948640795687993e+02 5.080907507815486497e+02
5.117654464730819086e+02 5.092919026975202428e+02
5.120360288665949611e+02 5.104822103998330931e+02
5.123066112601080704e+02 5.116618657116255804e+02
5.125771936536211797e+02 5.128312444624917816e+02
5.128477760471342890e+02 5.139908606576422017e+02
5.131183584406473983e+02 5.151403732210146700e+02
5.133889408341605076e+02 5.162816420541247453e+02
5.136595232276736169e+02 5.174151321360679958e+02
5.139301056211866126e+02 5.185408447720780032e+02
5.142006880146997219e+02 5.196587801743872888e+02
5.144712704082128312e+02 5.207725991451657137e+02
5.147418528017260542e+02 5.218517317038198371e+02
5.150124351952391635e+02 5.228720218870472536e+02
5.152830175887522728e+02 5.238380001060838822e+02
5.155535999822653821e+02 5.247790745850599023e+02
5.158241823757784914e+02 5.257056354644809062e+02
5.160947647692916007e+02 5.266176968121084201e+02
5.163653471628047100e+02 5.275152592696273359e+02
5.166359295563177056e+02 5.283997085547173356e+02
5.169065119498308150e+02 5.292760235884310305e+02
5.171770943433439243e+02 5.301446860616439380e+02
5.174476767368570336e+02 5.310051402629856057e+02
5.177182591303701429e+02 5.318559145992145432e+02
5.179888415238832522e+02 5.326969773059146291e+02
5.182594239173963615e+02 5.335287059612292069e+02
5.185300063109094708e+02 5.343541951468549769e+02
5.188005887044225801e+02 5.351745140856952503e+02
5.190711710979356894e+02 5.359847077275110223e+02
5.193417534914486851e+02 5.367642672199835943e+02
5.196123358849617944e+02 5.375109902771938550e+02
5.198829182784749037e+02 5.382249075059479537e+02
5.201535006719880130e+02 5.302500842712821623e+02
5.204240830655011223e+02 5.267314370897416893e+02
5.206946654590142316e+02 5.232290808408350813e+02
5.209652478525273409e+02 5.197441109169811853e+02
5.212358302460404502e+02 5.162766293012089136e+02
5.215064126395535595e+02 5.128266934013176979e+02
5.217769950330666688e+02 5.426930699815242178e+02
5.220475774265796645e+02 5.432812718874843085e+02
5.223181598200927738e+02 5.438545815978302471e+02
5.225887422136058831e+02 5.444130046526793194e+02
5.228593246071189924e+02 5.449565446111798792e+02
5.231299070006321017e+02 5.454853583142953539e+02
5.234004893941452110e+02 5.460008837707609928e+02
5.236710717876583203e+02 5.464983708978566028e+02
5.239416541811714296e+02 5.469643574635294954e+02
5.242122365746845389e+02 5.473994598022378568e+02
5.244828189681976482e+02 5.478037828300972478e+02
5.247534013617106439e+02 5.481773325083365762e+02
5.250239837552237532e+02 5.485220169110007191e+02
5.252945661487368625e+02 5.353035456138032941e+02
5.255651485422499718e+02 5.374466946430059124e+02
5.258357309357630811e+02 5.395535264330653717e+02
5.261063133292761904e+02 5.394951808001270592e+02
5.263768957227892997e+02 5.356198524972591031e+02
5.266474781163024090e+02 5.317642457738461417e+02
5.269180605098155183e+02 5.279300216034749837e+02
5.271886429033286277e+02 5.241186438362465196e+02
5.274592252968416233e+02 5.203301506760756183e+02
5.277298076903547326e+02 5.508352470220538635e+02
5.280003900838678419e+02 5.509843015733208631e+02
5.282709724773810649e+02 5.511174652232489279e+02
5.285415548708941742e+02 5.512196219509703496e+02
5.288121372644072835e+02 5.512887650787122311e+02
5.290827196579203928e+02 5.513274195955796131e+02
5.293533020514335021e+02 5.512331578757025454e+02
5.296238844449466114e+02 5.513192884596418253e+02
5.298944668384597207e+02 5.512764643290404365e+02
5.301650492319727164e+02 5.512121340445746682e+02
5.304356316254858257e+02 5.511265442850366298e+02
5.307062140189989350e+02 5.510197016616280052e+02
5.309767964125120443e+02 5.373156720275343332e+02
5.312473788060251536e+02 5.387349343824197376e+02
5.315179611995382629e+02 5.401181525584142946e+02
5.317885435930513722e+02 5.414669086431698588e+02
5.320591259865644815e+02 5.372789186181847754e+02
5.323297083800775908e+02 5.330862282066742637e+02
5.326002907735907002e+02 5.289238229972182808e+02
5.328708731671036958e+02 5.247912773957777972e+02
5.331414555606168051e+02 5.206758768527396342e+02
5.334120379541299144e+02 5.487994472819497105e+02
5.336826203476430237e+02 5.484462356530532361e+02
5.339532027411561330e+02 5.480605316882766829e+02
5.342237851346692423e+02 5.476428041490337364e+02
5.344943675281823516e+02 5.471954797146088367e+02
5.347649499216954609e+02 5.467210574838533148e+02
5.350355323152085703e+02 5.462248036597218288e+02
5.353061147087216796e+02 5.457112589732134893e+02
5.355766971022346752e+02 5.451799867869872287e+02
5.358472794957477845e+02 5.446281416982443488e+02
5.361178618892608938e+02 5.440553366362945553e+02
5.363884442827740031e+02 5.434615749462951726e+02
5.366590266762871124e+02 5.301406021297042344e+02
5.369296090698002217e+02 5.308197291086235055e+02
5.372001914633133310e+02 5.314718888758446838e+02
5.374707738568264404e+02 5.317631650902771980e+02
5.377413562503395497e+02 5.272527372878203096e+02
5.380119386438526590e+02 5.227626930548335622e+02
5.382825210373656546e+02 5.182933545159207824e+02
5.385531034308787639e+02 5.138448667807634820e+02
5.388236858243918732e+02 5.094172307929166550e+02
5.390942682179049825e+02 5.363001092423830869e+02
5.393648506114180918e+02 5.354268962884643770e+02
5.396354330049312011e+02 5.345266808190715437e+02
5.399060153984443104e+02 5.336024842828591090e+02
5.401765977919574198e+02 5.326546037713587793e+02
5.404471801854705291e+02 5.316864238907420486e+02
5.407177625789836384e+02 5.307016113241983248e+02
5.409883449724966340e+02 5.297002135108998573e+02
5.412589273660097433e+02 5.286822796513425828e+02
5.415295097595228526e+02 5.276478110701760897e+02
5.418000921530360756e+02 5.265970619669882353e+02
5.420706745465491849e+02 5.133214292758169677e+02
5.423412569400622942e+02 5.133313189671550845e+02
5.426118393335754035e+02 5.133020826842198403e+02
5.428824217270885129e+02 5.132340274957654174e+02
5.431530041206016222e+02 5.098975289552467416e+02
5.434235865141147315e+02 5.051349604488422074e+02
5.436941689076277271e+02 5.004021647360908673e+02
5.439647513011408364e+02 4.956991509702065741e+02
5.442353336946539457e+02 4.910259891701449533e+02
5.445059160881670550e+02 5.147960121780297413e+02
5.447764984816801643e+02 5.134745054806824101e+02
5.450470808751932736e+02 5.121281385413674343e+02
5.453176632687063830e+02 5.107582203210878333e+02
5.455882456622194923e+02 5.093704746973656370e+02
5.458588280557326016e+02 5.079699515946040265e+02
5.461294104492457109e+02 5.065566523445466487e+02
5.463999928427587065e+02 5.051305855126985307e+02
5.466705752362718158e+02 5.036918588555951715e+02
5.469411576297849251e+02 5.022319612638075341e+02
5.472117400232980344e+02 4.890567884634139091e+02
5.474823224168111437e+02 4.884635406812259930e+02
5.477529048103242530e+02 4.878367419003290024e+02
5.480234872038373624e+02 4.871763980503833409e+02
5.482940695973504717e+02 4.861771077181896317e+02
5.485646519908635810e+02 4.812043182467598399e+02
5.488352343843766903e+02 4.762693847866005399e+02
5.491058167778896859e+02 4.713704185028639699e+02
5.493763991714027952e+02 4.665092130872561142e+02
5.496469815649159045e+02 4.863064278476118716e+02
5.499175639584290138e+02 4.845848030243183189e+02
5.501881463519421231e+02 4.828408708676727201e+02
5.504587287454552325e+02 4.810778170217140541e+02
5.507293111389683418e+02 4.793036303918005387e+02
5.509998935324814511e+02 4.775185368489355255e+02
5.512704759259945604e+02 4.757158765108285365e+02
5.515410583195076697e+02 4.738901176978203580e+02
5.518116407130206653e+02 4.720420292320496856e+02
5.520822231065337746e+02 4.701718226805375025e+02
5.523528055000468839e+02 4.581186433057637259e+02
5.526233878935599932e+02 4.569721517057240590e+02
5.528939702870731026e+02 4.557959652109802846e+02
5.531645526805862119e+02 4.545869466261514162e+02
5.534351350740993212e+02 4.517901823809221469e+02
5.537057174676124305e+02 4.466888705292888062e+02
5.539762998611255398e+02 4.416323645632188573e+02
5.542468822546386491e+02 4.366222412620097657e+02
5.545174646481516447e+02 4.316587410922701338e+02
5.547880470416647540e+02 4.502660851392151358e+02
5.550586294351778633e+02 4.481547106634286592e+02
5.553292118286909727e+02 4.460262207381488224e+02
5.555997942222040820e+02 4.438795940940763671e+02
5.558703766157171913e+02 4.417105999166051902e+02
5.561409590092303006e+02 4.395215391561470142e+02
5.564115414027434099e+02 4.373125607976947435e+02
5.566821237962565192e+02 4.350836940335422014e+02
5.569527061897696285e+02 4.280415414032230501e+02
5.572232885832826241e+02 4.269735383094043186e+02
5.574938709767957334e+02 4.258541962535111907e+02
5.577644533703088428e+02 4.246845601966828099e+02
5.580350357638219521e+02 4.234667760949923263e+02
5.583056181573350614e+02 4.192439672682380092e+02
5.585762005508481707e+02 4.145900576055766464e+02
5.588467829443612800e+02 4.099807765560790358e+02
5.591173653378743893e+02 4.054146755684297432e+02
5.593879477313874986e+02 4.116063334745847442e+02
5.596585301249006079e+02 4.091335502889889995e+02
5.599291125184136035e+02 4.066390775618935436e+02
5.601996949119267128e+02 4.041249121813415854e+02
5.604702773054398222e+02 4.015923628695908292e+02
5.607408596989530452e+02 3.990415837694333163e+02
5.610114420924661545e+02 3.964698418320449491e+02
5.612820244859792638e+02 3.938750646983460229e+02
5.615526068794923731e+02 3.879997121819199037e+02
5.618231892730054824e+02 3.863636703675523449e+02
5.620937716665185917e+02 3.846794371477087111e+02
5.623643540600317010e+02 3.829469284105306883e+02
5.626349364535446966e+02 3.792288976799204079e+02
5.629055188470578059e+02 3.744443072798661660e+02
5.631761012405709153e+02 3.697104441330555460e+02
5.634466836340840246e+02 3.650242756033380829e+02
5.637172660275971339e+02 3.695520292079834803e+02
5.639878484211102432e+02 3.667312608237841687e+02
5.642584308146233525e+02 3.638930872345933949e+02
5.645290132081364618e+02 3.610368319550831870e+02
5.647995956016495711e+02 3.581586691389501311e+02
5.650701779951626804e+02 3.552580149333101645e+02
5.653407603886756760e+02 3.489579659839160399e+02
5.656113427821887853e+02 3.468859423067572720e+02
5.658819251757018947e+02 3.447647362035711467e+02
5.661525075692150040e+02 3.425942035908408911e+02
5.664230899627281133e+02 3.403717640327969320e+02
5.666936723562412226e+02 3.357650158083468455e+02
5.669642547497543319e+02 3.309330055372113861e+02
5.672348371432674412e+02 3.261561792192089229e+02
5.675054195367805505e+02 3.282104424947414145e+02
5.677760019302936598e+02 3.250907755967385810e+02
5.680465843238066554e+02 3.219522059270597083e+02
5.683171667173197648e+02 3.187934358992176271e+02
5.685877491108328741e+02 3.156139744659743087e+02
5.688583315043459834e+02 3.124135547183860808e+02
5.691289138978590927e+02 3.070402515407282067e+02
5.693994962913722020e+02 3.045130767948864445e+02
5.696700786848853113e+02 3.019333362336007553e+02
5.699406610783984206e+02 2.992994293147539793e+02
5.702112434719115299e+02 2.948878048937854146e+02
5.704818258654246392e+02 2.900622642219455543e+02
5.707524082589376349e+02 2.894686798180519531e+02
5.710229906524507442e+02 2.861018811142903928e+02
5.712935730459638535e+02 2.827172723514992754e+02
5.715641554394769628e+02 2.793151748999330835e+02
5.718347378329900721e+02 2.758945152877893179e+02
5.721053202265031814e+02 2.724563748018298952e+02
5.723759026200162907e+02 2.690037462687504330e+02
5.726464850135294000e+02 2.655359036410283693e+02
5.729170674070425093e+02 2.620488839655927791e+02
5.731876498005556186e+02 2.585436001596501683e+02
5.734582321940686143e+02 2.550155781857368140e+02
5.737288145875817236e+02 2.514664798525662093e+02
5.739993969810948329e+02 2.479016023801657411e+02
5.742699793746080559e+02 2.443230294742534738e+02
5.745405617681211652e+02 2.407299331237601621e+02
5.748111441616342745e+02 2.371222465888091051e+02
5.750817265551473838e+02 2.335031867465916946e+02
5.753523089486604931e+02 2.298722618051655786e+02
5.756228913421736024e+02 2.262265571256020280e+02
5.758934737356867117e+02 2.225630941416009989e+02
5.761640561291997074e+02 2.188843676531585629e+02
5.764346385227128167e+02 2.151937388915530107e+02
5.767052209162259260e+02 2.114933338663329607e+02
5.769758033097390353e+02 2.077821702433983830e+02
5.772463857032521446e+02 2.040614409935574258e+02
5.775169680967652539e+02 2.003329078845892184e+02
5.777875504902783632e+02 1.965950157428543434e+02
5.780581328837914725e+02 1.928468430624749033e+02
5.783287152773045818e+02 1.890877666084107318e+02
5.785992976708176911e+02 1.853180395518339196e+02
5.788698800643306868e+02 1.813203450553170626e+02
5.791404624578437961e+02 1.777483031359006702e+02
5.794110448513569054e+02 1.739379245450806764e+02
5.796816272448700147e+02 1.700996837987635502e+02
5.799522096383831240e+02 1.662336118466423329e+02
5.802227920318962333e+02 1.622521166703151323e+02
5.804933744254093426e+02 1.581826054034396520e+02
5.807639568189224519e+02 1.542520836571720224e+02
5.810345392124355612e+02 1.504660923430348021e+02
5.813051216059486705e+02 1.468220254259296667e+02
5.815757039994616662e+02 1.433219642167905761e+02
5.818462863929747755e+02 1.399626831641812146e+02
5.821168687864878848e+02 1.367451087327044377e+02
5.823874511800009941e+02 1.336704676998395200e+02
5.826580335735141034e+02 1.307504746833443789e+02
5.829286159670272127e+02 1.279914507262196395e+02
5.831991983605403220e+02 1.254556422812417082e+02
5.834697807540534313e+02 1.229733190035229740e+02
5.837403631475665406e+02 1.205158395243213647e+02
5.840109455410796500e+02 1.180832005656546073e+02
5.842815279345926456e+02 1.156753300270738123e+02
5.845521103281057549e+02 1.132922508704430555e+02
5.848226927216188642e+02 1.109339841742647366e+02
5.850932751151319735e+02 1.086005477323220418e+02
5.853638575086450828e+02 1.062919016327306281e+02
5.856344399021581921e+02 1.040081100595549799e+02
5.859050222956713014e+02 1.017492014749179390e+02
5.861756046891844107e+02 9.951512803392158446e+01
5.864461870826975201e+02 9.730586325981096252e+01
5.867167694762106294e+02 9.512142345082905592e+01
5.869873518697236250e+02 9.296178136418566851e+01
5.872579342632367343e+02 9.082692849666442214e+01
5.875285166567498436e+02 8.871681836787404052e+01
5.877990990502630666e+02 8.663151270567334450e+01
5.880696814437761759e+02 8.457101121009574740e+01
5.883402638372892852e+02 8.253528746429368823e+01
5.886108462308023945e+02 8.052444327052299400e+01
5.888814286243155038e+02 7.853844419399888466e+01
5.891520110178286131e+02 7.657727952887584877e+01
5.894225934113417225e+02 7.464096676339667624e+01
5.896931758048547181e+02 7.272952397603611985e+01
5.899637581983678274e+02 7.084294362137283940e+01
5.902343405918809367e+02 6.898120969503776223e+01
5.905049229853940460e+02 6.714429581582287199e+01
5.907755053789071553e+02 6.533219857046832146e+01
5.910460877724202646e+02 6.354497101407952186e+01
5.913166701659333739e+02 6.178253310150310540e+01
5.915872525594464832e+02 6.004490639679922737e+01
5.918578349529595926e+02 5.833213128755902233e+01
5.921284173464727019e+02 5.664419049050952992e+01
5.923989997399856975e+02 5.495250069017932049e+01
5.926695821334988068e+02 5.324413333902727885e+01
5.929401645270119161e+02 5.153777172193231593e+01
5.932107469205250254e+02 4.983901991701453227e+01
5.934813293140381347e+02 4.815116200803256419e+01
5.937519117075512440e+02 4.647642421771745092e+01
5.940224941010643533e+02 4.481649230307761655e+01
5.942930764945774627e+02 4.317260352598692208e+01
5.945636588880905720e+02 4.154592328654059941e+01
5.948342412816036813e+02 3.993735767654228397e+01
5.951048236751166769e+02 3.834796933470214952e+01
5.953754060686297862e+02 3.677843292561057353e+01
5.956459884621428955e+02 3.522961568513316877e+01
5.959165708556560048e+02 3.370210254721633447e+01
5.961871532491691141e+02 3.219682932786395213e+01
5.964577356426822234e+02 3.071432807196147152e+01
5.967283180361953328e+02 2.925570701469236212e+01
5.969989004297084421e+02 2.782162261093072075e+01
5.972694828232215514e+02 2.641322439380160603e+01
5.975400652167346607e+02 2.503133454485854514e+01
5.978106476102476563e+02 2.367684010331589661e+01
5.980812300037607656e+02 2.235101281894760916e+01
5.983518123972738749e+02 2.105458425803881184e+01
5.986223947907869842e+02 1.978880334515670114e+01
5.988929771843000935e+02 1.855463946463318337e+01
5.991635595778132028e+02 1.735306765267112894e+01
5.994341419713263122e+02 1.618523851403731939e+01
5.997047243648394215e+02 1.505193290446296750e+01
5.999753067583525308e+02 1.395424309138449992e+01
6.002458891518656401e+02 1.289310936458114654e+01
6.005164715453786357e+02 1.186949564954089631e+01
6.007870539388917450e+02 1.088441874617425320e+01
6.010576363324048543e+02 9.938541085268152386e+00
6.013282187259180773e+02 9.032722078106099062e+00
6.015988011194311866e+02 8.167513306551333230e+00
6.018693835129442959e+02 7.343440418502140687e+00
6.021399659064574053e+02 6.561209301314760545e+00
6.024105482999705146e+02 5.821275115184185722e+00
6.026811306934836239e+02 5.124109807517766235e+00
6.029517130869967332e+02 4.470116644403949735e+00
6.032222954805097288e+02 3.859561286357361620e+00
6.034928778740228381e+02 3.292729492914077571e+00
6.037634602675359474e+02 2.769935559578656559e+00
6.040340426610489430e+02 2.291603279978991381e+00
6.043046250545620524e+02 1.858080358474409888e+00
6.045752074480751617e+02 1.469743469180883499e+00
6.048457898415882710e+02 1.126896189190805364e+00
6.051163722351013803e+02 8.296350674791141966e-01
6.053869546286144896e+02 5.781661337842067816e-01
6.056575370221275989e+02 3.726242650376921928e-01
6.059281194156405945e+02 2.129304057643515158e-01
6.061987018091537038e+02 9.847922289505392501e-02
6.064692842026668131e+02 2.787131765707218795e-02
6.067398665961800361e+02 0.000000000000000000e+00
